

SEATING BY ROUND, BY TABLE
  3,  26,  19,  17, ;   11,  34,  33,  24, ;   38,   8,   9,  22, ;   20,   6,  27,   2, ;   32,  39,  16,   5, ;    1,  12,  13,  30, ;    7,  29,   4,  28, ;   23,  14,  10,  37, ;    0,  18,  35,  36, ;   21,  31,  15,  25, ;  
 39,   0,  22,   2, ;   17,  29,  31,  35, ;   11,  28,   3,  18, ;   13,  32,  25,  37, ;   21,  30,   6,   8, ;   16,  23,   4,  20, ;    5,  33,  14,  27, ;   26,   9,   1,  15, ;    7,  24,  12,  10, ;   34,  19,  36,  38, ;  
 31,  30,   7,  27, ;    4,  26,  37,  12, ;    0,  25,  34,  23, ;   18,  33,  39,  21, ;   29,  11,  20,  19, ;   28,   9,  32,  35, ;   36,   3,   6,  22, ;    5,  24,  17,  38, ;   14,   8,  15,  13, ;    1,  10,   2,  16, ;  
 18,   1,  32,   4, ;    2,  28,  14,  36, ;   15,   6,  24,  39, ;   30,  17,  11,   0, ;   10,  38,  26,  33, ;   19,  37,   8,  31, ;   34,  35,  16,  13, ;   25,  22,   7,  20, ;   27,  21,  29,   9, ;   23,  12,   5,   3, ;  
  6,  10,  13,  29, ;   30,  16,  38,  18, ;   14,  21,  20,  26, ;    8,   5,  35,   1, ;    4,  27,  25,   3, ;   15,   2,  34,   7, ;    9,  31,  24,   0, ;   36,  32,  12,  11, ;   33,  22,  23,  19, ;   39,  37,  28,  17, ;  
 37,  15,  36,  16, ;   13,   7,   0,  21, ;   35,   4,  19,  30, ;   12,  34,  29,  14, ;    9,  18,  17,  23, ;   22,  11,  27,  10, ;   25,  38,  39,   1, ;    2,   3,  31,  33, ;   28,   5,  26,   6, ;   24,  20,   8,  32, ;  
 20,  35,  38,  12, ;   10,  19,   5,  15, ;   33,   1,  37,  29, ;   26,  36,  23,   7, ;   31,  13,  22,  28, ;   24,  14,  18,  25, ;   17,   2,  21,  32, ;   16,  27,   0,   8, ;    3,  39,  30,  34, ;    6,   4,   9,  11, ;  


 WIND COUNT BY PLAYER
  2,   1,   2,   2, 
  2,   2,   1,   2, 
  2,   2,   1,   2, 
  2,   2,   1,   2, 
  2,   2,   2,   1, 
  2,   2,   2,   1, 
  2,   2,   2,   1, 
  2,   1,   2,   2, 
  1,   2,   2,   2, 
  2,   2,   2,   1, 
  2,   2,   1,   2, 
  2,   2,   1,   2, 
  1,   2,   2,   2, 
  2,   1,   2,   2, 
  2,   2,   2,   1, 
  2,   1,   2,   2, 
  2,   1,   2,   2, 
  2,   1,   2,   2, 
  2,   2,   1,   2, 
  1,   2,   2,   2, 
  2,   1,   2,   2, 
  2,   2,   1,   2, 
  1,   2,   2,   2, 
  2,   1,   2,   2, 
  2,   2,   2,   1, 
  2,   1,   2,   2, 
  2,   2,   2,   1, 
  1,   2,   2,   2, 
  2,   2,   1,   2, 
  1,   2,   2,   2, 
  2,   2,   1,   2, 
  2,   2,   2,   1, 
  1,   2,   2,   2, 
  2,   2,   1,   2, 
  2,   2,   2,   1, 
  1,   2,   2,   2, 
  2,   1,   2,   2, 
  1,   2,   2,   2, 
  1,   2,   2,   2, 
  2,   2,   2,   1, 


 TABLE COUNT BY PLAYER
  1,   1,   1,   1,   0,   0,   1,   1,   1,   0, 
  1,   0,   1,   1,   0,   1,   1,   1,   0,   1, 
  1,   1,   0,   1,   0,   1,   1,   1,   0,   1, 
  1,   0,   1,   0,   1,   0,   1,   1,   1,   1, 
  1,   1,   1,   0,   1,   1,   1,   0,   0,   1, 
  0,   1,   0,   1,   1,   0,   1,   1,   1,   1, 
  1,   0,   1,   1,   1,   0,   1,   0,   1,   1, 
  1,   1,   0,   1,   0,   1,   1,   1,   1,   0, 
  0,   0,   1,   1,   1,   1,   0,   1,   1,   1, 
  0,   0,   1,   0,   1,   1,   1,   1,   1,   1, 
  1,   1,   0,   0,   1,   1,   0,   1,   1,   1, 
  0,   1,   1,   1,   1,   1,   0,   1,   0,   1, 
  1,   1,   0,   1,   0,   1,   0,   1,   1,   1, 
  1,   1,   0,   1,   1,   1,   1,   0,   1,   0, 
  0,   1,   1,   1,   0,   1,   1,   1,   1,   0, 
  1,   1,   1,   0,   0,   1,   0,   1,   1,   1, 
  1,   1,   0,   0,   1,   1,   1,   1,   0,   1, 
  1,   1,   0,   1,   1,   0,   1,   1,   0,   1, 
  1,   1,   1,   1,   1,   1,   0,   0,   1,   0, 
  1,   1,   1,   0,   1,   1,   0,   0,   1,   1, 
  1,   0,   1,   1,   1,   1,   0,   1,   0,   1, 
  0,   1,   1,   1,   1,   0,   1,   0,   1,   1, 
  1,   0,   1,   0,   1,   1,   1,   1,   1,   0, 
  0,   0,   1,   1,   1,   1,   0,   1,   1,   1, 
  0,   1,   1,   0,   0,   1,   1,   1,   1,   1, 
  0,   0,   1,   1,   1,   1,   1,   1,   0,   1, 
  1,   1,   1,   1,   1,   0,   0,   1,   1,   0, 
  1,   0,   0,   1,   1,   1,   1,   1,   1,   0, 
  0,   1,   1,   0,   1,   1,   1,   0,   1,   1, 
  1,   1,   1,   1,   1,   0,   1,   0,   1,   0, 
  1,   1,   1,   1,   1,   1,   0,   0,   1,   0, 
  1,   1,   0,   0,   1,   1,   1,   1,   0,   1, 
  1,   0,   0,   1,   1,   1,   1,   1,   0,   1, 
  0,   1,   1,   1,   1,   0,   1,   1,   1,   0, 
  0,   1,   1,   1,   0,   1,   1,   0,   1,   1, 
  1,   1,   1,   1,   0,   1,   1,   0,   1,   0, 
  1,   1,   0,   1,   0,   0,   1,   1,   1,   1, 
  1,   1,   1,   1,   0,   1,   0,   1,   0,   1, 
  1,   1,   1,   0,   1,   0,   1,   1,   0,   1, 
  1,   0,   1,   1,   1,   0,   1,   0,   1,   1, 


 MEET COUNT BY PLAYER (negative = count of length-2 paths)
-10,   1, -13, -10,  -8, -12,   1,   1,   1,  -9,   1,  -9,   1, -11, -13,   1,   1,   1, -10, -12,   1,   1,   1,   1,   1,  -6,   1, -12, -10,   1,   1, -14, -11,   1,   1,   1,  -9, -13,   1, 
  1, -10,   1,   1, -12, -10,   1,   1,   1,  -9,   1,   1, -13,   1,   1, -12,   1, -12, -11, -13,  -9, -11, -12,   1,   1, -11, -12,   1,   1, -11,   1,   1, -12,   1, -10,   1,   1,   1, 
  1,  -9, -13,   1,   1, -12, -11,   1, -13,  -9, -14,   1,   1,   1,   1, -12, -10,   1,   1,   1, -12, -13, -14, -13,   1,   1, -13, -12,   1,   1,   1,   1, -10,   1, -12, -10,   1, 
  1,   1,   1, -13,  -7, -11, -11,   1,   1,  -8, -12, -10, -10,   1,   1,   1, -11, -11,   1,   1, -11,   1,   1,   1,   1, -11,   1,   1, -11,   1,   1, -11,   1, -12, -13,   1, 
-12,   1,   1, -11,   1, -12,   1,   1, -12, -10,  -9,   1, -13,   1,   1,   1, -11, -11,   1,  -9,   1,   1,   1,   1,   1,   1, -11,   1, -10, -11,   1, -14,   1, -11, -10, 
  1,  -8,   1, -13,   1, -11,   1, -11,   1,   1,   1,   1, -13,   1, -13, -10, -11,   1,   1, -10,   1,   1,   1, -11, -12, -10,   1,   1, -12,   1, -13, -15,   1,   1, 
-15,   1,   1,   1,   1, -12,   1, -14,   1, -12, -12, -10, -13,   1,   1,   1,  -9,   1, -10,   1,   1,   1,   1,   1, -13, -13, -12, -10, -10,   1, -10, -11,   1, 
-10, -12,   1, -13,   1,   1, -16,   1, -12, -10,  -9, -12,   1,   1,   1,   1,   1,   1,   1,   1,   1,   1,   1,   1, -10, -11,   1, -11,   1, -12, -10, -10, 
  1, -13, -10, -11,   1,   1,   1,   1, -12, -11,   1,   1,   1,   1,  -9,   1, -14, -11,   1, -10, -12,   1,   1,   1, -11, -10,   1, -11,   1,   1, -13, 
-11,   1, -10, -12, -10,   1, -11,   1,   1, -12, -14,   1,   1,   1,   1, -13,   1,   1,   1,   1, -13,   1,   1, -12,  -8,   1, -12, -11,   1, -12, 
  1,   1,   1,   1,   1,   1, -10,  -8,   1, -15, -10,   1,   1,   1, -11,   1,   1, -11,   1, -10, -11,  -9,   1, -14,  -8, -14,   1,   1, -11, 
  1, -10, -11,  -7, -10,   1,   1,   1,   1, -11,   1, -14,   1, -10, -12,   1,   1,   1,   1, -12,   1,   1,   1, -14,   1, -10, -13, -12, 
  1,   1, -11, -14, -12, -12, -15,   1,  -8,  -9,   1,   1, -13,   1, -10, -13,   1,   1,  -8,   1, -13,   1,   1,   1,   1,   1,  -9, 
  1,   1,   1,  -9, -10, -10, -12,   1,   1, -10, -12,   1, -10, -13,   1,   1,   1,   1,   1,  -9,   1,   1, -13,   1, -10, -13, 
  1, -13, -10,   1, -12,   1,   1, -11,   1,   1,   1,   1,   1,   1,   1,  -7, -12, -13,   1,   1, -10,   1,   1, -12, -11, 
  1, -10,  -9,   1, -11,   1, -12, -12,   1,   1,   1, -12, -12, -12, -11,   1, -13, -13,   1, -10,   1,   1, -13,   1, 
-11,   1, -13,   1, -11, -11,   1, -11, -14, -10,   1, -10,  -9,   1,  -9,   1, -11,   1,   1,   1,   1,   1,   1, 
  1,   1, -11,   1, -11,   1,   1, -11,   1, -10,   1,   1,   1,   1,   1, -15, -12,   1, -13,   1,   1,   1, 
-10, -11,   1, -11,   1,   1,   1, -12, -11,   1, -10,   1, -11,   1,   1, -14,   1,   1, -12,   1,   1, 
  1,  -9,   1,   1, -11, -10,   1, -12, -12,   1,   1,   1,  -9,   1,   1,   1,   1,   1,   1, -10, 
  1,   1,   1,   1,   1,   1,   1, -11,   1, -12, -11,   1, -12, -13,   1, -14, -11,   1,  -9, 
-13, -10, -15,   1,   1,   1, -13,   1,   1,   1,   1,   1, -11, -11,  -9, -12, -10,   1, 
  1, -13,   1, -12,   1,   1, -12, -12,   1, -10,   1, -13, -10,   1, -11,   1,   1, 
-13,   1,   1, -13, -12, -12, -10, -10, -11,   1,   1, -12,   1,   1, -15, -11, 
  1, -12, -13, -11, -12, -12,   1,   1,   1,   1, -12, -11, -11,   1,   1, 
-11,   1, -11, -11, -13,   1,   1, -14,   1, -10, -12,   1,   1,   1, 
-11,   1, -15, -10, -10, -11,   1, -10, -11,   1,   1,   1, -11, 
-12,   1,   1,   1, -10,   1, -11, -10,  -9,  -9, -10, -11, 
  1, -11,   1,   1, -12, -10,   1,   1,   1,  -9,   1, 
-14,   1, -12,   1,   1,   1, -10,   1, -10,  -8, 
  1, -12, -11,   1,   1, -12, -10,   1,   1, 
-11,   1, -13,   1, -10,   1, -10, -13, 
 -9, -10,   1,   1,   1, -14,   1, 
  1,  -8, -12,   1,   1,   1, 
  1,   1, -12,   1,   1, 
  1, -13,   1, -11, 
  1,   1, -13, 
-12,   1, 
  1, 



 PATH LENGTHS
780 total unique player pairs
420 player-pairs who play each other
  0 player-pairs with   0 length-2 paths
  0 player-pairs with   1 length-2 paths
  0 player-pairs with   2 length-2 paths
  0 player-pairs with   3 length-2 paths
  0 player-pairs with   4 length-2 paths
  0 player-pairs with   5 length-2 paths
  1 player-pairs with   6 length-2 paths
  3 player-pairs with   7 length-2 paths
 10 player-pairs with   8 length-2 paths
 28 player-pairs with   9 length-2 paths
 62 player-pairs with  10+ length-2 paths
