

SEATING BY ROUND, BY TABLE
 18,  36,   8,   3, ;    4,  14,   0,  27, ;   29,  25,  23,  16, ;   28,  20,  37,  11, ;   31,  39,  19,  34, ;   10,  13,   9,  35, ;   38,  43,  40,  32, ;   17,  22,  12,   7, ;    6,   5,  41,  21, ;   15,  30,   1,  26, ;   33,  24,   2,  42, ;  
 16,  31,   7,  33, ;   22,  43,  39,   8, ;   15,  42,  36,  12, ;    4,  34,  30,  21, ;   11,  38,  25,  24, ;   40,  17,  14,   2, ;    6,  20,   9,  29, ;   37,   5,   3,  10, ;   26,  18,  23,  28, ;   19,  35,  41,  27, ;   32,   1,   0,  13, ;  
  0,  28,  38,   5, ;   23,  30,  35,  32, ;   34,  17,  11,   8, ;   41,  22,   1,   9, ;   21,  29,  18,  14, ;   43,  15,  20,   7, ;   26,  33,  10,  19, ;   13,   2,  39,  16, ;   24,   4,  12,  40, ;    3,  42,   6,  25, ;   31,  27,  37,  36, ;  
 22,  26,  32,  29, ;    9,  12,  21,  28, ;    5,  33,  43,  30, ;   16,  14,  24,  36, ;   10,   2,   8,   1, ;   39,   0,   3,  23, ;   41,  15,  34,  37, ;   18,  40,  27,  42, ;   19,  25,  17,  20, ;   13,  31,   4,  38, ;   35,  11,   7,   6, ;  
  2,  19,  15,   6, ;    7,  40,  26,  25, ;   27,  24,  21,  13, ;   12,   3,  32,  31, ;   17,  37,  35,   4, ;   33,  28,  29,   1, ;   36,  11,  30,  22, ;   38,   8,  14,  41, ;    0,  16,  42,   9, ;   34,  23,  10,  43, ;   39,  18,  20,   5, ;  
 25,  12,  13,  34, ;   29,  10,  15,  24, ;   14,  32,   6,  37, ;   42,  26,  38,  39, ;   28,  41,  36,  40, ;    5,  16,  22,   4, ;   35,   0,  31,  18, ;    1,  23,  19,  11, ;   27,   7,   2,  30, ;    8,  21,  33,  20, ;    3,   9,  43,  17, ;  
 23,  21,  42,  17, ;   11,  41,  33,   3, ;   20,  10,  40,   0, ;    8,   7,  13,  19, ;    9,  32,   5,  15, ;   24,   6,  26,  31, ;   25,  27,  28,  39, ;   36,  29,   4,  43, ;   14,   1,  34,  35, ;    2,  37,  18,  22, ;   30,  38,  16,  12, ;  


 WIND COUNT BY PLAYER
  2,   2,   2,   1, 
  1,   2,   2,   2, 
  2,   2,   2,   1, 
  2,   1,   2,   2, 
  2,   1,   2,   2, 
  2,   2,   1,   2, 
  2,   1,   2,   2, 
  1,   2,   2,   2, 
  2,   1,   2,   2, 
  2,   1,   2,   2, 
  2,   2,   2,   1, 
  2,   2,   1,   2, 
  1,   2,   2,   2, 
  2,   1,   2,   2, 
  2,   2,   2,   1, 
  2,   2,   2,   1, 
  2,   2,   1,   2, 
  2,   2,   1,   2, 
  2,   2,   2,   1, 
  2,   1,   2,   2, 
  1,   2,   2,   2, 
  1,   2,   2,   2, 
  2,   2,   1,   2, 
  2,   2,   2,   1, 
  2,   2,   1,   2, 
  2,   2,   1,   2, 
  2,   2,   2,   1, 
  2,   2,   1,   2, 
  2,   2,   1,   2, 
  2,   2,   1,   2, 
  1,   2,   2,   2, 
  2,   2,   1,   2, 
  1,   2,   2,   2, 
  2,   2,   2,   1, 
  2,   1,   2,   2, 
  2,   1,   2,   2, 
  2,   1,   2,   2, 
  1,   2,   2,   2, 
  2,   2,   2,   1, 
  2,   1,   2,   2, 
  1,   2,   2,   2, 
  2,   2,   2,   1, 
  1,   2,   2,   2, 
  1,   2,   2,   2, 


 TABLE COUNT BY PLAYER
  1,   1,   1,   0,   0,   1,   1,   0,   1,   0,   1, 
  0,   0,   0,   1,   1,   1,   0,   1,   1,   1,   1, 
  1,   0,   0,   0,   1,   1,   0,   1,   1,   1,   1, 
  1,   1,   0,   1,   0,   1,   0,   1,   0,   1,   1, 
  0,   1,   0,   1,   1,   1,   0,   1,   1,   1,   0, 
  1,   0,   1,   0,   1,   1,   0,   1,   1,   0,   1, 
  1,   0,   1,   0,   0,   1,   1,   0,   1,   1,   1, 
  1,   1,   0,   1,   0,   1,   0,   1,   1,   0,   1, 
  1,   1,   1,   1,   1,   0,   0,   1,   0,   1,   0, 
  0,   1,   0,   1,   1,   1,   1,   0,   1,   0,   1, 
  0,   1,   1,   0,   1,   1,   1,   1,   0,   1,   0, 
  0,   1,   1,   1,   1,   0,   1,   1,   0,   0,   1, 
  1,   1,   1,   1,   0,   0,   0,   1,   1,   0,   1, 
  1,   0,   1,   1,   0,   1,   0,   1,   0,   1,   1, 
  0,   1,   1,   1,   1,   1,   0,   1,   1,   0,   0, 
  1,   1,   1,   0,   1,   1,   1,   0,   0,   1,   0, 
  1,   0,   1,   1,   0,   1,   0,   1,   1,   0,   1, 
  1,   0,   1,   0,   1,   1,   0,   1,   1,   0,   1, 
  1,   0,   0,   0,   1,   0,   1,   1,   1,   1,   1, 
  1,   0,   0,   1,   1,   0,   1,   1,   1,   1,   0, 
  0,   0,   1,   1,   0,   1,   1,   0,   1,   1,   1, 
  1,   1,   1,   1,   1,   0,   0,   0,   1,   1,   0, 
  1,   1,   0,   1,   0,   1,   1,   1,   0,   1,   0, 
  1,   1,   1,   0,   0,   1,   0,   1,   1,   1,   0, 
  0,   1,   1,   1,   1,   1,   0,   0,   1,   0,   1, 
  1,   1,   1,   0,   1,   0,   1,   0,   1,   1,   0, 
  1,   1,   0,   1,   0,   1,   1,   0,   1,   1,   0, 
  0,   1,   1,   0,   0,   0,   1,   1,   1,   1,   1, 
  1,   1,   0,   1,   1,   1,   1,   0,   1,   0,   0, 
  1,   1,   1,   0,   1,   1,   1,   1,   0,   0,   0, 
  0,   1,   1,   1,   0,   0,   1,   0,   1,   1,   1, 
  1,   0,   0,   1,   1,   1,   1,   0,   0,   1,   1, 
  1,   1,   1,   1,   1,   0,   1,   0,   0,   0,   1, 
  1,   1,   1,   0,   0,   1,   1,   0,   0,   1,   1, 
  1,   0,   1,   1,   1,   0,   1,   0,   1,   1,   0, 
  0,   1,   0,   0,   1,   1,   1,   0,   1,   1,   1, 
  1,   0,   1,   1,   1,   0,   1,   1,   0,   0,   1, 
  0,   0,   1,   1,   1,   0,   1,   1,   0,   1,   1, 
  1,   0,   0,   1,   1,   0,   1,   1,   0,   1,   1, 
  0,   1,   0,   1,   1,   1,   1,   1,   0,   0,   1, 
  0,   1,   1,   0,   1,   1,   1,   1,   1,   0,   0, 
  0,   1,   0,   1,   1,   0,   1,   1,   1,   1,   0, 
  1,   0,   1,   1,   0,   0,   0,   1,   1,   1,   1, 
  0,   1,   1,   0,   0,   1,   1,   1,   0,   1,   1, 


 MEET COUNT BY PLAYER (negative = count of length-2 paths)
  1, -10,   1,   1,   1,  -9,  -7,  -9,   1,   1,  -7, -11,   1,   1,  -7,   1,  -9,   1,  -9,   1, -11,  -8,   1, -10, -11, -11,   1,   1, -11,  -9,   1,   1,  -9,  -9,   1, -10, -12,   1,   1,   1, -10,   1, -11, 
  1,  -9,  -8, -10, -11, -11,   1,   1,   1,   1,  -8,   1,   1,   1, -10, -10, -10,   1, -10, -11,   1,   1,  -9,  -8,   1,  -9,   1,   1,   1,  -8,   1,   1,   1,   1,  -9, -11, -10, -10,  -8,   1,  -7, -11, 
 -9, -10, -10,   1,   1,   1,  -9,   1, -11, -10,   1,   1,   1,   1,   1,   1,   1, -12, -11,   1,  -9,   1, -11, -14,   1,  -7, -10,   1, -11,  -9,   1, -11, -12, -12,   1,  -9,   1,   1, -11,   1, -10, 
 -8,   1,   1,  -9,   1,   1,   1,   1,   1,  -9,  -9, -11, -11,   1,   1, -11, -14, -11, -13,   1,  -9,   1, -10,  -9, -13, -10,  -8,   1,   1,   1, -12, -12,   1,   1, -12,   1, -11,   1,   1,   1, 
  1,  -8, -11,  -9, -11, -10,  -9,   1,   1,   1,  -9,   1,   1, -12,  -6,  -8,   1,   1,  -9,   1, -10,  -7,   1, -10,   1,   1,   1, -14,  -8,   1,   1,   1,   1,   1, -10,   1, -11, -10,   1, 
  1,  -8, -11,   1,   1, -10, -11,  -9, -10,   1,   1,  -8,   1,  -7,   1,   1,   1, -11,  -8,  -7, -11,  -9,   1, -14,   1, -11,   1,   1,  -9, -10, -11,   1,   1,   1, -10,   1, -11,   1, 
  1,  -9,   1, -12,   1, -10, -10,   1,   1, -10, -13, -12,   1,   1,   1, -10, -10,   1,   1,   1, -12, -10,   1,  -9,   1,   1, -14, -10,   1, -10,   1, -10,  -9, -10,   1,   1,  -8, 
  1, -10, -11,   1,   1,   1,  -8,   1,   1,   1,  -9,   1,   1,  -9,   1,  -9, -13,   1,   1,   1,  -8,  -9,   1,   1, -11,   1, -12,   1, -11, -10, -11, -12,   1, -10, -11,   1, 
-10,   1,   1,  -9,   1,   1, -10,  -9,   1,   1,   1,   1,   1,   1, -11,  -9, -10,  -9, -10, -10, -10, -11, -10,  -7,   1,   1, -11,   1, -12,   1,   1, -11,   1,  -9,   1, 
  1,  -9,   1,   1, -10,   1,   1,   1, -10,  -9,   1,   1,   1, -13,  -9, -10,  -9,  -7,   1,   1, -10,  -8,   1, -12, -10,   1, -10, -12, -10, -10, -10,   1,   1,   1, 
-11,  -7,   1, -10,   1,  -9, -12, -12,   1,   1, -10,  -9,   1,   1, -10,   1,  -8, -11,   1, -10, -10, -14,   1,   1,   1,  -8,   1,  -8, -12,   1, -12, -10,   1, 
-11,  -9, -11, -11,  -9,   1,  -9,   1,   1, -11,   1,   1,   1,   1, -12, -10,   1, -10,   1, -11,  -9,   1,   1,   1,   1,   1,   1, -10,  -9,   1,  -9, -12, 
  1, -10,   1,   1,   1,  -8,  -7,  -8,   1,   1, -10,   1,   1, -12, -12,   1, -11,   1,   1,   1,  -9,   1,  -9,   1, -10,   1, -10,   1, -10,   1, -13, 
-13, -10,   1, -11,  -8,   1,  -9,   1, -10, -11,   1,   1, -10,   1,  -9,  -9, -12,   1,   1, -10,   1,   1,  -7,  -8,   1,   1, -11,  -9, -11,  -9, 
-10,   1,   1,   1,  -9,  -9,   1, -12, -10,   1,  -9,  -8,   1, -11,   1, -11, -13,   1,  -8,   1,   1,   1,   1,   1,  -8,   1,   1, -12,  -9, 
-10, -10,  -8,   1,   1, -11, -14, -10,   1, -10,   1,  -9, -10,   1,   1, -10,   1, -14,   1, -11,   1,   1,  -9,  -8, -12,   1,   1,   1, 
-10, -11,  -8,  -8, -12,   1,   1,   1,   1, -12, -13, -11,   1,   1,   1, -12,   1,  -9,  -9,   1,  -7,   1,   1, -11,  -7,   1, -12, 
-12,   1,   1,   1,   1,   1,  -9,   1,  -7, -11,  -9,  -9, -11,  -8, -10, -10,   1,   1, -11,   1,  -9, -11,   1, -12,   1,   1, 
 -9,   1,   1,   1,   1, -10, -10,   1,   1,   1,   1,  -9,   1, -12, -11,  -8,   1,   1,   1, -10,   1,   1, -12,   1, -10, 
  1, -10,  -9,   1, -11,   1,   1,   1, -10,  -9, -11,   1,  -8,   1,   1,   1,  -6, -12,  -8,   1,  -9,   1, -10, -10, 
  1, -11, -12,  -9,   1, -12, -10,   1,   1,  -7,  -8,  -9,   1, -11, -10,  -9,   1,  -9,   1,   1, -12, -11,   1, 
-10,   1,   1, -12,  -9,   1,   1,   1,   1,  -9,  -9,   1,   1, -12, -12, -11, -11, -10, -11,   1,   1, -11, 
-11,  -8,  -8,   1,  -9, -12,   1,   1, -10,   1, -12, -11, -11,   1,   1, -12,   1, -11,   1,  -9,   1, 
 -8,   1,   1, -10,   1,   1,   1, -10,   1, -13,   1,   1,  -9,  -9, -11,   1, -10,  -8,   1,   1, 
  1,   1,   1, -11,   1, -12,   1, -10,   1, -10,  -8,   1, -10,   1,  -9,   1, -10,   1,  -8, 
  1,   1,   1,   1,  -9, -13,  -9, -11,   1,  -9, -10,  -8,   1,   1,   1,  -9,   1, -10, 
-11,   1,   1,   1,   1,   1,   1,  -9, -10, -10,  -8,   1,   1,   1,  -9,   1, -12, 
  1,  -8,   1,   1,  -8, -10, -12,   1,   1,   1, -13,   1,   1,   1,   1,  -6, 
  1, -11, -10, -11,   1,  -9,  -9,   1,   1,   1,   1,   1,   1, -14, -10, 
-12,  -9,   1,   1,  -9,  -9,   1, -11,  -9,  -9, -12, -10, -12,   1, 
-12,   1,   1,   1,   1,   1, -11,   1, -10, -10, -12, -11,   1, 
  1,   1,   1,   1,   1,   1,   1,   1, -11, -10, -13,  -9, 
 -8, -11,   1, -11,   1,   1, -10,   1, -12, -10,   1, 
-10,  -8, -12,  -9, -12, -12, -10,   1,   1,   1, 
  1, -11,   1, -12,   1,  -8,   1,  -7,   1, 
 -9,   1,  -9,  -8, -10,   1,  -7,  -9, 
  1, -14, -10,   1,   1,   1,   1, 
 -8, -10, -12,   1,  -8, -11, 
  1,   1,   1,   1,   1, 
-11,  -9,   1,   1, 
  1,   1,   1, 
-10, -11, 
-10, 



 PATH LENGTHS
946 total unique player pairs
462 player-pairs who play each other
  0 player-pairs with   0 length-2 paths
  0 player-pairs with   1 length-2 paths
  0 player-pairs with   2 length-2 paths
  0 player-pairs with   3 length-2 paths
  0 player-pairs with   4 length-2 paths
  0 player-pairs with   5 length-2 paths
  3 player-pairs with   6 length-2 paths
 19 player-pairs with   7 length-2 paths
 53 player-pairs with   8 length-2 paths
107 player-pairs with   9 length-2 paths
 46 player-pairs with  10+ length-2 paths
