

SEATING BY ROUND, BY TABLE
 44,  12,   6,   1, ;   19,   0,  17,  46, ;   41,  28,  16,  47, ;   33,  39,  25,   2, ;    7,  27,  13,  20, ;   15,  14,  23,   8, ;   11,  40,   9,  34, ;   42,   3,  45,  10, ;   29,  30,  31,  26, ;   38,  35,  37,   4, ;   36,  43,   5,  22, ;   32,  24,  21,  18, ;  
 33,  41,  35,  24, ;   47,  30,   7,  12, ;   22,  21,   9,  14, ;    4,  42,   6,  13, ;   34,   0,  29,  32, ;   39,  38,  44,  27, ;   46,  16,   5,  25, ;   31,  15,   2,  17, ;   37,  10,  36,  23, ;   45,  26,  43,  19, ;   40,  18,   1,   3, ;   20,  11,   8,  28, ;  
  3,   5,  20,  32, ;   38,  15,  41,  21, ;   12,  46,  26,  37, ;   10,  27,  29,  17, ;   24,  31,  43,  44, ;   42,   1,  22,  11, ;   39,  13,   0,  30, ;    8,  19,  25,  35, ;   34,   7,  18,  45, ;   36,  47,  14,   6, ;   28,  23,  33,   9, ;   16,   2,   4,  40, ;  
 31,   4,  47,   8, ;   23,  24,  45,  39, ;    1,   2,  32,  35, ;   41,  40,  44,   5, ;   18,  33,  17,   6, ;   43,  25,  28,  37, ;   26,  36,  42,   7, ;   20,  38,  30,   9, ;   12,  21,  19,  13, ;   10,  11,  15,   0, ;   14,  34,  16,  27, ;    3,  22,  46,  29, ;  
 22,  23,  27,  26, ;   35,  44,  13,   3, ;    6,  43,  11,   7, ;   37,  45,   1,  47, ;   46,  36,  40,  38, ;   21,  16,  31,  33, ;   29,  41,  18,   2, ;    0,  14,  24,  12, ;   17,  28,  32,  39, ;   30,  34,   8,   5, ;   25,  20,  10,   4, ;    9,  42,  19,  15, ;  
  2,  13,  11,  38, ;   27,  31,  42,  25, ;   15,   4,  34,  36, ;    8,   9,  26,  18, ;    5,  45,  35,  28, ;   40,  10,  24,  19, ;   47,  33,   3,  43, ;   21,  29,   7,   1, ;    0,   6,  22,  20, ;   16,  17,  12,  23, ;   30,  32,  46,  44, ;   14,  37,  39,  41, ;  
  7,   9,  39,  10, ;   26,   5,  14,  33, ;   23,  44,  20,  29, ;   35,  46,  34,  21, ;    1,  19,  30,  16, ;    4,   3,   0,  41, ;   32,  12,  38,  31, ;   18,  47,  27,  11, ;   43,   8,   2,  42, ;   13,  22,  28,  40, ;   24,   6,  37,  15, ;   17,  25,  36,  45, ;  


 WIND COUNT BY PLAYER
  2,   2,   2,   1, 
  2,   1,   2,   2, 
  1,   2,   2,   2, 
  2,   2,   1,   2, 
  2,   2,   1,   2, 
  1,   2,   2,   2, 
  1,   2,   2,   2, 
  2,   1,   2,   2, 
  2,   1,   2,   2, 
  1,   2,   2,   2, 
  2,   2,   1,   2, 
  1,   2,   2,   2, 
  2,   2,   1,   2, 
  1,   2,   2,   2, 
  2,   2,   2,   1, 
  2,   2,   1,   2, 
  2,   2,   2,   1, 
  2,   1,   2,   2, 
  2,   1,   2,   2, 
  1,   2,   2,   2, 
  2,   1,   2,   2, 
  2,   2,   1,   2, 
  2,   2,   2,   1, 
  2,   2,   1,   2, 
  2,   2,   2,   1, 
  1,   2,   2,   2, 
  2,   1,   2,   2, 
  1,   2,   2,   2, 
  1,   2,   2,   2, 
  2,   1,   2,   2, 
  2,   2,   2,   1, 
  2,   2,   2,   1, 
  2,   1,   2,   2, 
  2,   2,   1,   2, 
  2,   2,   2,   1, 
  2,   1,   2,   2, 
  2,   2,   2,   1, 
  2,   1,   2,   2, 
  2,   2,   1,   2, 
  2,   1,   2,   2, 
  2,   2,   1,   2, 
  2,   2,   1,   2, 
  2,   2,   2,   1, 
  2,   2,   2,   1, 
  1,   2,   2,   2, 
  1,   2,   2,   2, 
  2,   2,   2,   1, 
  2,   2,   1,   2, 


 TABLE COUNT BY PLAYER
  0,   1,   0,   0,   1,   1,   1,   1,   1,   1,   0,   0, 
  1,   0,   1,   1,   1,   1,   0,   1,   0,   0,   1,   0, 
  1,   0,   1,   1,   0,   0,   1,   1,   1,   0,   0,   1, 
  1,   1,   0,   0,   0,   1,   1,   1,   0,   0,   1,   1, 
  1,   0,   1,   1,   0,   1,   0,   0,   0,   1,   1,   1, 
  1,   1,   0,   1,   1,   0,   1,   0,   0,   1,   1,   0, 
  1,   0,   1,   1,   1,   0,   0,   0,   1,   1,   1,   0, 
  1,   1,   1,   0,   1,   0,   1,   1,   1,   0,   0,   0, 
  1,   0,   0,   1,   0,   1,   0,   1,   1,   1,   0,   1, 
  1,   0,   1,   1,   0,   0,   1,   1,   0,   0,   1,   1, 
  1,   0,   0,   1,   0,   1,   0,   1,   1,   1,   1,   0, 
  1,   0,   1,   0,   0,   1,   1,   1,   0,   1,   0,   1, 
  1,   1,   1,   0,   0,   0,   1,   1,   1,   1,   0,   0, 
  1,   1,   0,   1,   1,   0,   1,   0,   1,   1,   0,   0, 
  0,   1,   1,   0,   0,   1,   0,   1,   0,   1,   1,   1, 
  0,   1,   1,   0,   0,   1,   0,   1,   0,   1,   1,   1, 
  0,   0,   1,   0,   1,   1,   1,   0,   0,   1,   1,   1, 
  0,   1,   0,   1,   1,   0,   0,   1,   1,   1,   0,   1, 
  0,   0,   0,   1,   1,   0,   1,   1,   1,   0,   1,   1, 
  0,   1,   0,   0,   1,   1,   0,   1,   1,   1,   0,   1, 
  1,   0,   1,   0,   1,   0,   0,   1,   1,   0,   1,   1, 
  0,   1,   1,   1,   0,   1,   0,   1,   1,   0,   0,   1, 
  1,   0,   1,   0,   0,   1,   0,   0,   1,   1,   1,   1, 
  1,   1,   1,   0,   0,   1,   0,   0,   1,   1,   1,   0, 
  1,   1,   0,   0,   1,   1,   0,   1,   0,   0,   1,   1, 
  0,   1,   0,   1,   0,   1,   1,   1,   0,   0,   1,   1, 
  1,   1,   1,   1,   0,   0,   1,   0,   1,   1,   0,   0, 
  1,   1,   0,   1,   1,   1,   0,   1,   0,   0,   1,   0, 
  0,   0,   1,   0,   1,   1,   0,   0,   1,   1,   1,   1, 
  0,   0,   1,   1,   1,   0,   1,   1,   1,   0,   0,   1, 
  0,   1,   0,   0,   1,   0,   1,   1,   1,   1,   1,   0, 
  1,   1,   0,   0,   1,   1,   1,   1,   1,   0,   0,   0, 
  1,   0,   1,   0,   1,   0,   1,   0,   1,   0,   1,   1, 
  1,   1,   0,   1,   1,   1,   1,   0,   0,   0,   1,   0, 
  0,   0,   1,   1,   1,   0,   1,   0,   1,   1,   1,   0, 
  1,   1,   1,   1,   1,   0,   0,   1,   0,   1,   0,   0, 
  0,   0,   1,   0,   1,   0,   1,   0,   1,   1,   1,   1, 
  0,   0,   1,   1,   0,   1,   0,   0,   1,   1,   1,   1, 
  1,   1,   0,   0,   1,   1,   1,   1,   0,   1,   0,   0, 
  1,   1,   0,   1,   0,   1,   1,   0,   1,   0,   0,   1, 
  0,   0,   0,   1,   1,   1,   1,   0,   0,   1,   1,   1, 
  1,   1,   1,   1,   0,   1,   1,   0,   0,   0,   0,   1, 
  0,   1,   0,   1,   0,   1,   1,   1,   1,   0,   0,   1, 
  0,   0,   1,   0,   1,   1,   1,   0,   1,   1,   1,   0, 
  1,   1,   1,   1,   1,   1,   0,   0,   0,   0,   1,   0, 
  0,   1,   0,   1,   1,   0,   0,   1,   1,   1,   0,   1, 
  0,   1,   1,   1,   1,   0,   1,   0,   0,   0,   1,   1, 
  1,   1,   1,   1,   0,   0,   1,   1,   0,   1,   0,   0, 


 MEET COUNT BY PLAYER (negative = count of length-2 paths)
 -9,  -9,   1,   1,  -9,   1, -10,  -8, -10,   1,   1,   1,   1,   1,   1,  -9,   1,  -9,   1,   1, -12,   1, -10,   1,  -7,  -7, -10,  -8,   1,   1,  -8,   1,  -7,   1,  -9,  -9, -10, -11,   1, -11,   1,  -9,  -6, -12,  -7,   1,  -8, 
  1,   1,  -9,  -9,   1,   1,  -8,  -9,  -9,   1,   1, -14,  -7,  -7,   1,  -9,   1,   1,  -9,   1,   1,  -7, -11,  -7, -10,  -9,  -9,   1,   1, -10,   1,  -8, -11,   1,  -8,   1, -10,  -7,   1, -11,   1, -12,   1,   1, -13,   1, 
-12,   1,  -9, -10,  -8,   1,  -9,  -9,   1,  -7,   1,  -6,   1,   1,   1,   1, -11,  -8, -12,  -7,  -7, -10,   1,  -7, -11, -13,   1,  -9,   1,   1,   1, -10,   1,  -8,  -9,   1,   1,   1,   1,   1,   1, -11,  -8,  -8, -10, 
  1,   1, -12, -10,  -8,  -7,   1, -11,  -7,   1,  -6,  -5,  -8,  -8,   1, -10,   1, -10,   1,  -7, -11, -10,  -9,  -9, -12,   1, -10,  -8,   1,   1, -10,   1, -10,  -9,  -9,  -8,   1,   1,   1,   1,   1,   1,   1,   1, 
-10,   1,  -8,   1,  -8,   1, -13,  -8,   1, -10,   1,   1,  -9,  -8, -10,   1,  -8,  -8,  -7,  -9,   1,  -5, -10, -10,  -8,  -9,   1,  -8,  -9,   1,   1,   1,   1,   1,  -8,   1,   1,   1, -10,  -9,  -9, -10,   1, 
 -7,  -7,   1, -10,  -6,  -7,  -7,  -8,   1,  -5,   1,  -8,  -9, -10,   1,  -9,   1, -11,  -9,   1,   1,  -8,   1, -10,   1,  -9,   1,   1,   1,   1,   1, -10,  -9,  -9,   1,   1,  -8,   1,   1,   1,   1, -11, 
  1,  -9,  -9, -11,   1,   1,   1,   1,   1,  -7,   1,   1,  -9,   1, -10,   1, -11,   1,  -8, -10, -11,  -9,  -8,  -8, -10,  -8,   1,  -8,  -7,   1,   1,  -9,  -9,  -9, -10,   1,   1,   1, -10,  -7,   1, 
-10,   1,   1,   1,   1,   1, -10,  -8,  -7,  -9,   1, -11,   1,   1, -13, -10,  -8,  -8,   1,   1,  -8,   1,   1,  -9,  -9,  -8,   1,  -5,   1, -10, -10,   1,  -8,  -5,   1,   1, -10,   1,  -7,   1, 
  1,  -9,   1,  -7,  -9,   1,   1, -12,  -8,   1,   1,   1,  -8, -10,   1,  -8,   1,   1, -11,   1,  -8,   1,   1,  -9, -13,   1,   1, -11, -10,  -9,  -7,  -9,  -9,   1,   1,  -7, -12,  -7,   1, 
  1,   1,  -8, -12,   1,   1,  -9,  -8,   1,   1,   1,   1,   1,   1, -10,  -8,   1, -13,   1, -10,   1,  -8,  -8,   1,   1,  -7, -11,  -8,   1,   1,   1,  -9,   1,  -9,  -6, -10,  -8,  -8, 
  1,  -7, -11,  -9,   1,  -7,   1, -10,   1,   1,  -6, -11,   1,   1,   1, -10,   1, -10,   1,  -7,  -8,  -7,  -7, -11,  -7,   1,   1, -10,   1,   1,  -9,   1, -10,  -8,   1,  -9,  -8, 
 -7,   1,  -9,   1,  -7,  -8,   1, -10,   1,  -9,   1,  -8,  -7,  -8,  -8,   1,   1, -10, -10,  -8,  -8,  -7,   1,  -7, -11,  -8,   1,  -9,   1,  -8,   1,   1,  -8,  -9,  -5,   1, 
  1,   1, -11,   1,   1,  -9,   1,  -9,   1,  -9,   1,   1,  -6,   1, -11,  -7, -12,   1,   1,   1, -10,  -8, -10, -10,   1,   1, -12,  -8,  -9,  -7,  -9,   1,  -9,   1,   1, 
 -7,  -9,  -9,  -8,  -8,   1,   1,   1,   1,  -7,  -9,  -9,  -7,   1,   1, -10,   1,  -9, -12,  -7,  -9,   1,  -7,  -7,   1,   1,   1, -11,   1, -10,   1,  -7, -11,  -9, 
  1,   1, -10, -11,  -9,  -8,   1,   1,   1,   1,  -8,   1,   1, -11,  -8, -10, -10,  -7,   1,   1,  -8,   1,   1,  -9,   1,  -8,   1,  -8, -10,  -8,  -9, -10,   1, 
-10,   1, -10,   1,  -9,   1,  -9,   1,   1, -10,  -9,  -9,  -7,  -9,  -7,   1,  -8, -10,   1, -10,   1,   1,   1, -11, -11,   1,   1, -10,  -6,  -9,  -8,  -9, 
  1, -10,   1,  -7,   1,  -9,   1,  -9,   1, -10,   1,   1, -11,   1,   1, -11,   1,   1, -12, -10, -10, -10, -10,   1,   1,  -7,  -8, -10,  -9,   1,   1, 
  1,   1,  -9, -10,  -8,   1, -13,   1, -11,   1,   1,   1,  -9,   1,   1,   1, -10,  -8,   1, -11,  -9,   1,  -8,  -9, -10,  -9,  -9,   1,   1, -10, 
 -9,  -9,   1, -10,  -9,   1,  -6,   1,   1, -10,   1,  -9, -11,   1,   1,   1, -11,  -8,  -7,  -8, -10,   1,   1, -11, -11,  -9,   1,  -8,   1, 
 -7,   1, -10, -10,   1,   1,   1,  -7, -10,  -8,   1, -12,  -9,  -9, -11,   1, -10, -11,  -9,  -9,   1,  -7,   1,   1,  -9,   1,   1,  -7, 
 -7,   1,   1,  -6,   1,  -9,   1,   1,   1,   1,  -9,   1,  -7, -11, -10,  -9,  -7,   1, -13, -11,  -8, -12, -10,   1,  -7, -10,  -9, 
  1,  -9,   1,  -6, -11, -10,  -8,   1, -13,   1,   1,   1,   1,   1,  -7,  -9,   1,  -9, -12,   1,  -8,  -6, -11,  -7,   1,  -9, 
  1,  -7,  -8,   1,   1,   1,   1,  -9,  -6,  -9, -10, -11,  -7,   1,  -9,  -9,  -7,   1,  -8,   1,   1, -12,  -9,   1,  -9, 
  1, -12,   1,   1,   1,   1,  -9, -11,  -8,   1,  -9,  -7,   1,   1,  -9,   1,  -8, -10,  -9, -10,   1,   1,  -9, -10, 
 -9, -10,  -7, -10,  -9,  -7,   1,   1,   1,  -9,   1,  -9,   1, -11,   1,   1,   1,  -7,   1,   1,   1,  -9, -10, 
-12,   1,   1,  -7,  -8,   1,  -9,   1,  -9,   1,   1,   1, -10,   1,  -9,  -9,   1,   1,  -8,   1,   1, -11, 
  1,  -9,   1,   1,   1,  -7,   1, -12,  -7,   1,   1,  -8,  -9,  -7,  -6,   1,   1,  -9,   1,   1, -13, 
-10,   1, -12,   1,  -9, -10,   1,  -5, -12,  -8,   1,   1,  -9,  -8,   1,  -9,   1, -11,  -9,   1, 
 -6,  -9,  -8,   1,   1,  -9,   1, -10,   1, -10,   1,   1,   1,  -8,   1, -10,   1,  -9,   1, 
  1,   1,   1,  -9,   1,  -9,  -8,  -6, -10, -11, -10,   1,  -9,  -7,   1,  -9,   1,  -8, 
  1,   1,  -7,   1, -10,  -7,  -7,   1,   1, -10,  -8,  -8,  -8,   1,  -8,   1,   1, 
  1,   1,  -9, -10,  -9,  -9,   1, -10,  -6, -11,   1,   1,   1,  -7, -11,   1, 
-11,   1,   1,  -5,  -8,   1,   1, -11, -13,  -4,  -7,   1, -10,   1,  -7, 
 -7,   1,  -9, -12,  -7,   1,  -9,   1,  -8,   1, -10, -13,  -8,   1, 
  1,   1,  -7, -12,  -8,   1, -11,  -9,  -6,  -8,   1,   1, -11, 
 -8,   1,   1, -12, -14,   1,  -9, -12,   1,   1,   1,  -9, 
  1,   1,  -9,   1,  -8,   1,   1,  -7,   1,   1,   1, 
  1,   1,  -9,   1, -10,   1, -11,   1,   1,   1, 
  1,   1,   1,  -9,  -6,   1,  -4,   1,  -9, 
 -9,   1,  -8,  -9,   1,   1,  -8,  -9, 
  1, -11, -10,   1, -10,   1,  -9, 
 -4,  -9,   1,  -9, -11,   1, 
  1,  -7,   1,  -6, -12, 
  1,   1,  -9,   1, 
 -8,   1,  -9, 
-10,   1, 
 -6, 



 PATH LENGTHS
1128 total unique player pairs
504 player-pairs who play each other
  0 player-pairs with   0 length-2 paths
  0 player-pairs with   1 length-2 paths
  0 player-pairs with   2 length-2 paths
  0 player-pairs with   3 length-2 paths
  3 player-pairs with   4 length-2 paths
  8 player-pairs with   5 length-2 paths
 21 player-pairs with   6 length-2 paths
 90 player-pairs with   7 length-2 paths
116 player-pairs with   8 length-2 paths
167 player-pairs with   9 length-2 paths
219 player-pairs with  10+ length-2 paths
