

SEATING BY ROUND, BY TABLE
 35,  33,  30,   5, ;   22,  11,  17,   6, ;    7,  39,   3,  16, ;   46,  37,  13,  10, ;   24,  28,  41,  21, ;    8,  31,  38,  44, ;   18,  42,  15,  26, ;   51,  36,   0,   9, ;   27,  19,  34,  43, ;   47,  40,  20,  25, ;    4,  12,   2,  23, ;   29,  48,  49,   1, ;   45,  32,  14,  50, ;  
 20,  43,  10,  16, ;   13,   8,  39,  29, ;   42,  14,  25,  33, ;   31,  24,  51,  19, ;   22,  12,   5,   9, ;    2,  27,  46,  15, ;    6,   7,  23,  45, ;    4,  40,  18,  48, ;   41,  47,  38,  11, ;   28,  35,   3,   1, ;   32,  21,  36,  49, ;   26,  50,  44,   0, ;   34,  17,  37,  30, ;  
 26,   3,   6,  34, ;   30,   2,   7,  44, ;   20,  49,   4,  31, ;   21,  27,  35,  38, ;   15,  51,  17,  25, ;   16,  32,  23,  37, ;   12,  50,  36,   8, ;   45,  46,  42,  41, ;    9,  48,  13,  28, ;   14,  10,  19,  29, ;    1,  39,  22,  40, ;   33,  18,  11,  24, ;    0,   5,  43,  47, ;  
 39,  25,  21,  50, ;    3,  38,  24,  12, ;   30,  41,   1,  23, ;   40,  11,  42,   2, ;   19,  44,  47,  49, ;    5,  26,  48,  36, ;   46,   4,  35,  17, ;   13,   6,  33,  20, ;   51,  29,   7,  32, ;   18,  45,  16,  27, ;   14,  34,   0,   8, ;   37,  43,   9,  31, ;   15,  10,  28,  22, ;  
 47,  17,  31,  45, ;   37,  20,  51,  14, ;    5,  15,  50,  24, ;   12,   1,  43,  18, ;   10,   2,  32,   3, ;   49,  35,  34,   7, ;   38,  19,  48,   0, ;   25,  29,  27,  11, ;   23,  42,  22,  36, ;   21,   8,   9,   6, ;   44,  16,  46,  33, ;   28,  30,  39,   4, ;   41,  13,  40,  26, ;  
  0,  41,   4,  32, ;   40,  34,  28,   5, ;   44,  21,  45,  13, ;    3,   9,  29,  17, ;   11,  36,   1,  37, ;   19,  18,  20,  39, ;   27,  30,  31,  14, ;   35,  24,   8,  10, ;   25,  26,  12,  46, ;   43,  22,  50,   2, ;   48,   7,  47,  15, ;   16,  38,   6,  42, ;   49,  23,  33,  51, ;  
  2,  51,   8,  48, ;    1,   0,  16,  21, ;   34,  22,  18,  46, ;   33,  45,  26,   4, ;   42,  31,  29,  35, ;   50,   9,  10,  40, ;   43,  25,  32,  28, ;   17,  49,   5,  38, ;    6,  44,  15,  39, ;    7,  37,  41,  12, ;   11,  13,  30,  19, ;   23,   3,  14,  47, ;   36,  20,  24,  27, ;  


 WIND COUNT BY PLAYER
  2,   1,   2,   2, 
  2,   1,   2,   2, 
  2,   2,   1,   2, 
  2,   2,   2,   1, 
  2,   1,   2,   2, 
  2,   1,   2,   2, 
  2,   1,   2,   2, 
  2,   2,   2,   1, 
  1,   2,   2,   2, 
  1,   2,   2,   2, 
  1,   2,   2,   2, 
  2,   2,   1,   2, 
  2,   2,   1,   2, 
  2,   2,   2,   1, 
  2,   1,   2,   2, 
  2,   1,   2,   2, 
  2,   1,   2,   2, 
  1,   2,   2,   2, 
  2,   2,   2,   1, 
  2,   2,   1,   2, 
  2,   2,   2,   1, 
  2,   2,   1,   2, 
  2,   2,   2,   1, 
  2,   1,   2,   2, 
  1,   2,   2,   2, 
  2,   2,   1,   2, 
  2,   2,   1,   2, 
  2,   2,   1,   2, 
  2,   1,   2,   2, 
  1,   2,   2,   2, 
  2,   2,   2,   1, 
  1,   2,   2,   2, 
  1,   2,   2,   2, 
  2,   1,   2,   2, 
  2,   2,   2,   1, 
  2,   2,   2,   1, 
  1,   2,   2,   2, 
  2,   2,   1,   2, 
  1,   2,   2,   2, 
  1,   2,   2,   2, 
  2,   2,   1,   2, 
  2,   2,   2,   1, 
  2,   2,   2,   1, 
  2,   2,   2,   1, 
  2,   2,   1,   2, 
  2,   2,   1,   2, 
  2,   1,   2,   2, 
  2,   1,   2,   2, 
  1,   2,   2,   2, 
  2,   2,   1,   2, 
  1,   2,   2,   2, 
  2,   2,   2,   1, 


 TABLE COUNT BY PLAYER
  1,   1,   0,   0,   0,   0,   1,   1,   0,   0,   1,   1,   1, 
  0,   1,   1,   1,   1,   0,   0,   0,   0,   1,   1,   1,   0, 
  1,   1,   0,   1,   1,   1,   0,   0,   0,   1,   1,   0,   0, 
  1,   1,   1,   1,   1,   0,   0,   0,   0,   1,   0,   1,   0, 
  1,   0,   1,   1,   0,   0,   1,   1,   0,   0,   1,   1,   0, 
  1,   1,   1,   0,   1,   1,   0,   1,   0,   0,   0,   0,   1, 
  1,   1,   0,   0,   0,   0,   1,   1,   1,   1,   0,   1,   0, 
  0,   1,   1,   0,   0,   1,   1,   0,   1,   1,   1,   0,   0, 
  1,   1,   0,   0,   0,   1,   1,   1,   0,   1,   1,   0,   0, 
  0,   0,   0,   1,   1,   1,   0,   1,   1,   1,   0,   1,   0, 
  1,   0,   0,   1,   1,   1,   0,   1,   0,   1,   0,   0,   1, 
  0,   1,   0,   1,   1,   0,   0,   1,   1,   0,   1,   1,   0, 
  0,   1,   0,   1,   1,   0,   1,   0,   1,   1,   1,   0,   0, 
  0,   1,   1,   1,   0,   0,   0,   1,   1,   0,   1,   0,   1, 
  0,   1,   1,   0,   0,   0,   1,   0,   0,   1,   1,   1,   1, 
  0,   0,   1,   0,   1,   1,   1,   0,   1,   0,   1,   0,   1, 
  1,   1,   1,   0,   0,   1,   0,   0,   0,   1,   1,   1,   0, 
  1,   1,   0,   1,   1,   0,   1,   1,   0,   0,   0,   0,   1, 
  0,   0,   1,   1,   0,   1,   1,   1,   0,   1,   0,   1,   0, 
  0,   0,   0,   1,   1,   1,   1,   0,   1,   1,   1,   0,   0, 
  1,   1,   1,   0,   0,   1,   0,   1,   0,   1,   0,   0,   1, 
  1,   1,   1,   1,   1,   0,   0,   0,   0,   1,   1,   0,   0, 
  0,   1,   1,   0,   1,   0,   0,   0,   1,   1,   1,   0,   1, 
  0,   0,   1,   0,   0,   1,   1,   0,   1,   0,   1,   1,   1, 
  0,   1,   1,   1,   1,   0,   0,   1,   0,   0,   0,   1,   1, 
  1,   0,   1,   0,   1,   0,   1,   1,   1,   1,   0,   0,   0, 
  1,   0,   0,   1,   0,   1,   1,   0,   1,   0,   0,   1,   1, 
  0,   0,   0,   1,   0,   1,   1,   1,   1,   1,   0,   0,   1, 
  0,   1,   0,   0,   1,   0,   1,   0,   1,   1,   0,   1,   1, 
  0,   1,   0,   1,   1,   0,   0,   1,   1,   1,   0,   1,   0, 
  1,   1,   1,   0,   0,   0,   1,   0,   0,   0,   1,   1,   1, 
  1,   0,   1,   1,   1,   1,   1,   0,   0,   0,   0,   1,   0, 
  1,   0,   0,   0,   1,   1,   1,   0,   1,   0,   1,   0,   1, 
  1,   0,   1,   1,   0,   0,   0,   1,   0,   0,   1,   1,   1, 
  1,   1,   1,   0,   0,   1,   0,   0,   1,   0,   1,   0,   1, 
  1,   0,   0,   1,   1,   1,   1,   1,   0,   1,   0,   0,   0, 
  0,   0,   0,   0,   1,   1,   1,   1,   1,   0,   1,   0,   1, 
  0,   1,   0,   1,   1,   1,   0,   0,   0,   1,   0,   1,   1, 
  0,   1,   0,   1,   0,   1,   1,   1,   1,   0,   0,   1,   0, 
  1,   1,   1,   0,   0,   1,   0,   0,   1,   0,   1,   1,   0, 
  0,   1,   0,   1,   0,   1,   0,   1,   0,   1,   1,   0,   1, 
  1,   0,   1,   0,   1,   0,   0,   1,   1,   1,   0,   0,   1, 
  0,   0,   1,   1,   1,   0,   1,   1,   1,   0,   0,   1,   0, 
  1,   0,   0,   1,   0,   0,   1,   0,   1,   1,   0,   1,   1, 
  0,   1,   1,   0,   1,   1,   0,   0,   1,   0,   1,   1,   0, 
  1,   0,   1,   1,   0,   0,   1,   1,   0,   1,   0,   0,   1, 
  0,   0,   1,   1,   0,   1,   1,   1,   1,   0,   1,   0,   0, 
  1,   0,   0,   0,   1,   0,   0,   0,   1,   1,   1,   1,   1, 
  1,   0,   0,   0,   0,   1,   1,   1,   1,   0,   1,   1,   0, 
  0,   0,   1,   0,   1,   1,   0,   1,   0,   0,   1,   1,   1, 
  1,   0,   1,   0,   0,   1,   1,   0,   0,   1,   0,   1,   1, 
  1,   1,   0,   1,   1,   0,   0,   1,   1,   0,   0,   0,   1, 


 MEET COUNT BY PLAYER (negative = count of length-2 paths)
  1,  -8,  -9,   1,   1,  -8,  -8,   1,   1,  -8,  -6, -11,  -8,   1,  -7,   1,  -7,  -8,   1,  -8,   1,  -7,  -9,  -9,  -8,   1,  -8, -10,  -8,  -8, -10,   1,  -7,   1,  -7,   1, -10,   1,  -8, -10,   1,  -6,   1,   1, -10,  -6,   1,   1, -13,   1,   1, 
 -9,   1, -12, -11,  -7, -12,  -8, -12,  -9,   1,   1, -10,  -6,  -5,   1,  -8,   1,  -9,  -8,   1,   1,   1,  -9,  -8,  -8,  -9,   1,   1,   1,  -6, -12,  -7, -11,   1,   1,   1, -10,   1,   1,   1, -10,   1,  -6,  -5,  -7,  -9,   1,   1,  -8,  -7, 
  1,   1,  -8,  -9,   1,   1, -10,   1,   1,   1,  -8, -10,   1, -10,  -8, -11,  -8,  -6,  -5,   1,   1,  -9, -11, -10,   1, -10, -10,   1,  -8,   1,  -8,  -9,  -9, -11, -10,  -8, -10,   1, -10,   1,   1,   1,  -9,   1,  -9,   1,  -7,   1,   1, 
 -9, -10,   1,   1, -12,   1,   1,  -8,   1,  -7,   1, -10,   1,   1,  -7,  -8,  -7, -10, -11,   1,   1,  -9,   1,  -8,   1,   1, -10,  -8,   1,  -7,   1,   1,  -7, -11,   1,   1,  -9, -10,  -9, -10,  -8,  -9,  -8,   1,  -9, -10,  -9,  -9, 
-11,  -7, -11,  -7,  -7,  -7,  -7,   1, -11,  -8,  -8,  -9,   1,   1,  -8,   1,  -8,  -9,   1,  -8, -10,   1,  -8,   1,  -7,   1,   1,   1,   1, -10,   1,  -8,  -9,  -8,   1,   1,   1, -11,  -8, -10,   1,   1, -10,   1,   1,  -8, -10, 
 -8,  -8, -10,   1,  -9,  -9,   1,  -7,  -6,   1,  -4,   1, -10,  -9,  -7,  -9,   1,  -7,   1, -10,   1,  -8,   1,  -5,   1,  -9,  -6,   1,   1,   1,   1,  -7,   1,  -6,   1,  -9,  -8,   1,  -9,  -5,  -8,   1,   1,   1,   1,  -9, 
  1,   1,   1,  -8,   1,  -8,   1,  -8,   1,   1,   1, -11,  -7,   1,   1,   1,   1,  -8,  -9,   1,  -8,  -8,  -9,  -9,  -8,  -6,   1,   1,  -9,  -9,  -9,   1,   1,  -9,  -9,   1,  -5,   1,   1, -11, -10,  -7,  -9,  -9,  -8, 
-10,  -7,  -8,  -7,   1,  -9, -10,   1,   1, -12,  -7,  -9,  -7,  -9,  -7,   1,  -6,  -7,  -9,  -8,  -9,   1,   1,  -9,   1,  -9,   1,   1,  -7,   1, -10,   1,  -6,   1,  -9,  -7,   1,   1, -10,   1,   1,   1,  -7,   1, 
  1,   1,  -7,   1,   1,   1,  -9,  -7,  -8,  -5, -13,  -9,   1,  -9,  -6,   1,  -7,  -9, -10,  -9,   1,  -8,   1,  -9,  -7,   1,   1,   1,  -9,   1,   1,  -8,  -6,  -8,  -8,   1,  -7,  -7,  -6,   1, -10,   1,   1, 
  1,  -8,   1,   1,  -9,  -9,  -7,   1,  -5,  -8,  -9,   1,   1,  -7, -11,  -9, -10,  -5,   1,   1,  -6,   1, -11,  -4, -11,  -9,   1,   1, -10, -10,   1,  -7,  -6,   1,  -7,  -6,  -6,  -8,   1,  -8,   1,   1, 
 -8, -10,   1,   1,   1,   1,  -8,  -9,   1,   1,  -9,   1,  -7,   1, -10,  -6, -11,   1,   1,  -7, -10,   1,  -7, -11,   1,  -8,   1,  -6, -12,   1,  -7,  -9,   1,  -8,  -6,   1,  -7,  -9,  -5,   1, -11, 
-10,   1,  -9, -10,  -8,   1,   1,   1, -12,  -9,   1, -11,   1,   1,  -9,   1,  -8,   1,   1, -10,  -6,   1,  -9,  -9,   1,   1,   1, -10,   1,   1,   1,  -9,  -8,  -9, -11,   1, -10,  -8,  -6,  -9, 
 -6,  -6, -10,  -9,  -9,   1,  -4,  -7,  -9,   1,   1,   1,   1,   1,  -8, -10,  -6,  -8,  -7, -11,  -8, -10,  -9,   1,   1,   1,  -9, -11,   1, -10,   1,  -7,  -8,   1,  -8, -11,  -7,   1,  -9, 
 -9,  -8, -10,  -8, -10,   1,   1,   1,  -8,  -6,  -9, -10,   1,  -8,   1,   1,   1,  -9,  -7,   1,  -9,  -8,  -8,   1,  -8,   1,   1,   1,  -9,  -6,   1,   1,   1,  -8,   1,  -7,  -9,  -8, 
 -7, -11, -10,  -7,   1,   1,  -7,  -5,   1, -10,   1,  -8,   1,  -6,   1,   1,   1,   1,   1,   1, -10, -10,   1,  -8,  -8,  -7,  -8,   1, -12,  -9,   1,  -8,   1,  -6, -10,   1,   1, 
 -9,   1,   1,  -9,  -9,  -8,   1,  -7,   1,   1,   1,   1,   1,  -9,  -8,  -7,  -7, -10, -10,  -9,  -9,  -5,  -9,   1, -13,  -7,   1, -10,   1, -11,   1,   1,   1,  -7,   1,   1, 
 -6,   1,  -9,   1,   1,  -9,   1,  -8,  -9,  -9,   1,  -7,  -8,  -8,  -8,   1,   1,  -9, -10,  -9,   1,   1,   1,  -6, -11,   1,   1,   1,   1,   1,  -9,  -5,  -9,  -8,  -7, 
 -7,  -9,  -8,  -7,   1, -10,  -8,   1,  -9, -11, -10,   1,   1,   1,  -8, -11,   1,   1,  -7,   1,   1,  -8,  -8,  -8, -11,  -8,  -9,   1,   1,   1,  -9,   1,  -6,   1, 
  1,   1,  -6,   1,  -8,   1, -12,   1,   1, -10,  -7,  -8,  -8,  -4,   1,   1,  -8, -10,  -8,  -8,   1,   1, -10,   1,   1,  -8,   1,   1,  -8,   1,  -7,  -9,  -6, 
  1,  -8,  -6,  -5,   1,  -9,  -6,   1,  -8,   1,   1,   1,  -7, -10,   1,  -9,  -8, -10,   1,   1,  -9,  -7,  -6,   1,   1,  -7,  -6,   1,   1,   1,  -7,   1, 
 -9,  -7, -10,   1,   1,  -8,   1,  -8, -10,  -9,   1, -10,   1,  -9,  -7,   1,   1,  -8,   1,   1,  -6,  -9,   1,  -9, -10,  -9,   1,  -9,   1,  -8,   1, 
 -7,  -8,   1,   1,  -9,   1,   1, -10,  -8,  -9,   1,  -9,  -7,   1,   1,  -7,   1,   1,  -8,   1,  -8,  -9,   1,   1,  -8,  -7,  -9,   1,   1,  -8, 
  1,  -9, -11, -11,  -8,   1,  -7,  -9,  -4,  -7,  -7,   1,  -8,   1, -11,  -6,   1,   1,  -8,   1,   1,  -6,  -7,   1,  -7,  -9,  -6,   1,  -6, 
 -6,  -7,  -9,  -6,  -7,  -8,   1,  -9,   1,   1,  -8,  -8,   1,   1,  -8,  -8,  -7,   1,   1,  -8,  -9,   1, -10,   1,  -8,   1,  -7,   1, 
-10,  -9,   1,   1,  -9,  -9,   1,  -8,   1,  -8,   1,   1,  -8,   1,  -9,  -8,   1,  -9, -10,  -8,  -7,  -8,  -9,  -9, -10,   1,   1, 
  1,   1,   1,   1,  -7,  -9,   1,   1,  -8,  -8, -10,  -9,  -7,   1,   1, -10,   1,   1,  -8, -11,   1,   1,  -7,  -8,   1,   1, 
 -7, -10,  -5,  -7,  -4,  -8,   1,   1,  -7,   1,  -6,  -9, -10,   1,   1,   1,  -7,   1,   1,   1, -10,   1,  -7,   1,  -6, 
 -8,   1,   1,   1,  -9, -11,   1,   1,   1, -10,   1,  -9,  -6,  -7, -14,   1, -10,   1,   1, -10,  -7,  -9,  -9, -10, 
-10,   1,  -6,   1,  -7,   1,   1,  -8,  -9,  -7,   1,   1,   1,  -6,   1,  -5,  -5,  -9,  -8,   1,  -8, -12,  -6, 
-11,   1,   1,  -8,  -9,   1, -10, -11, -11,   1,  -9,  -6,   1,  -8,  -7,  -8,  -7, -10,   1,   1,  -7,   1, 
  1,  -8,   1,   1,   1,  -6,   1,  -9,   1, -10,   1,  -8,  -9,   1, -11, -11, -10,  -8, -12,  -5,  -9, 
 -8, -11, -10,   1,  -9,   1,   1,  -7,  -5,  -8,   1,   1,   1,   1,  -8,   1,  -9,   1,  -7,   1, 
 -8,  -8,  -8,   1,   1,  -6,  -9,  -7,   1,  -9,   1,  -8,   1,  -8, -10,  -9,   1,   1,   1, 
 -9,   1,  -9,  -9,  -9,  -9,  -9, -10,   1,  -5,   1,   1,   1,  -9,  -7,   1,  -7,   1, 
  1,  -8,   1, -10, -10,   1,  -8,  -8,   1,  -9,  -8,   1, -10, -10,   1,  -8,  -8, 
 -8,  -8,   1,  -9,  -7, -10,   1,  -7,  -9,  -9,   1,  -7,  -9,   1,  -5,  -8, 
  1, -11,  -6, -10, -11,   1, -11,  -6,  -7,  -6,  -7,   1,   1,   1,   1, 
 -6,  -6,  -8,   1,  -8,   1,  -6, -10,   1,  -9,  -6, -10,  -7,   1, 
 -7,  -6,   1,   1,  -8,   1, -10,  -8,   1,   1,   1,  -7,  -8, 
  1,  -8,  -8,  -9,   1,  -9,  -8,  -8, -11,  -8,   1,  -7, 
  1,   1, -13,  -6,  -8, -11,   1,   1,  -7,   1,  -5, 
  1,  -7, -10,   1,   1,   1, -10,  -8,  -8,  -6, 
 -6, -10,   1,   1, -10,  -8,  -7,  -9,  -9, 
 -7,  -7, -10,   1,  -9,  -8,   1,  -9, 
  1,   1,   1, -11,   1,   1,  -9, 
  1,   1,  -6, -10,   1,  -7, 
 -6,  -6,  -6,  -9,  -6, 
  1,   1,  -9, -12, 
  1,  -9,   1, 
 -5,   1, 
-10, 



 PATH LENGTHS
1326 total unique player pairs
546 player-pairs who play each other
  0 player-pairs with   0 length-2 paths
  0 player-pairs with   1 length-2 paths
  0 player-pairs with   2 length-2 paths
  0 player-pairs with   3 length-2 paths
  6 player-pairs with   4 length-2 paths
 23 player-pairs with   5 length-2 paths
 73 player-pairs with   6 length-2 paths
128 player-pairs with   7 length-2 paths
190 player-pairs with   8 length-2 paths
179 player-pairs with   9 length-2 paths
181 player-pairs with  10+ length-2 paths
