

SEATING BY ROUND, BY TABLE
 39,  22,  14,  26, ;   51,   3,  25,   2, ;   40,  28,  11,  48, ;   55,  32,  15,  34, ;   53,  45,  38,   5, ;   23,   4,  52,  18, ;   21,  12,   6,  19, ;   47,  31,  54,  27, ;   50,  20,   7,  30, ;   42,  29,  13,   0, ;   46,  24,   9,  44, ;   36,  33,  10,   1, ;   41,  16,   8,  37, ;   49,  35,  17,  43, ;  
  4,  48,  41,  51, ;   53,  31,  21,  34, ;   35,  26,   3,  46, ;   42,  37,   9,  40, ;    7,  52,  29,  47, ;   27,  20,  17,  22, ;   10,  44,  45,  23, ;   49,  28,  19,  38, ;   24,  14,  12,  16, ;   39,   2,   1,  30, ;   33,   5,  25,  54, ;   50,  13,   6,  32, ;   55,   0,  43,  11, ;   36,  15,   8,  18, ;  
 46,  43,  18,  50, ;   54,   7,  28,  45, ;   21,  55,  49,  33, ;   20,   8,  26,  53, ;   24,  27,  23,  13, ;   19,  34,  30,  10, ;    2,  40,  36,  22, ;   32,   3,  29,   4, ;   48,   5,   0,  44, ;   31,   6,  16,   9, ;   35,  15,  39,  37, ;   41,  42,  11,  47, ;   17,  14,  51,  38, ;    1,  25,  52,  12, ;  
 40,  17,   0,  31, ;    1,  44,  26,   4, ;    2,  45,  34,  52, ;   25,  11,  22,  29, ;   14,  18,  48,  19, ;    5,   9,  50,   3, ;   30,  43,  42,  15, ;   16,  10,  35,  20, ;   37,  54,  53,  49, ;   12,  36,  27,  41, ;   38,  47,  55,   6, ;   28,  51,  23,   8, ;   13,  46,  33,  39, ;   32,  21,   7,  24, ;  
 44,  16,  33,  28, ;   43,  32,  20,  36, ;    9,  23,  14,  41, ;   13,  49,   1,  45, ;   26,  50,  42,  21, ;    7,  38,  46,  31, ;   11,  53,  18,  24, ;   12,   8,   5,  55, ;   25,   6,  27,  39, ;   34,  47,  40,  51, ;    0,  10,   4,   2, ;   17,  29,  15,  54, ;   52,  22,  19,  35, ;    3,  30,  37,  48, ;  
 38,  12,  30,  13, ;    5,  42,  10,  49, ;    8,  17,  32,  25, ;    3,  27,  16,   0, ;   20,  39,  44,  40, ;   45,  37,  36,  14, ;   26,  33,  48,  52, ;   18,   7,  41,   1, ;   15,  19,  47,  46, ;    4,  21,  28,  35, ;   43,  34,  22,  23, ;    9,   2,  55,  53, ;   31,  24,  50,  29, ;   11,  51,  54,   6, ;  
 10,  53,  47,   3, ;   29,  18,  37,  27, ;    6,   4,   5,   7, ;   23,  54,   2,  50, ;   30,  25,  35,  36, ;    0,  41,  24,  33, ;   28,  55,  46,  17, ;   51,  52,  39,  42, ;    8,   1,  43,   9, ;   15,  11,  38,  26, ;   19,  40,  32,  16, ;   22,  48,  45,  21, ;   34,  49,  20,  12, ;   44,  13,  31,  14, ;  


 WIND COUNT BY PLAYER
  2,   1,   2,   2, 
  2,   1,   2,   2, 
  2,   2,   1,   2, 
  2,   2,   1,   2, 
  2,   2,   1,   2, 
  2,   2,   2,   1, 
  1,   2,   2,   2, 
  2,   2,   2,   1, 
  2,   2,   2,   1, 
  2,   1,   2,   2, 
  2,   2,   2,   1, 
  2,   2,   2,   1, 
  2,   2,   1,   2, 
  2,   2,   1,   2, 
  1,   2,   2,   2, 
  2,   2,   2,   1, 
  1,   2,   2,   2, 
  2,   2,   2,   1, 
  1,   2,   2,   2, 
  2,   1,   2,   2, 
  2,   2,   2,   1, 
  2,   2,   1,   2, 
  1,   2,   2,   2, 
  2,   1,   2,   2, 
  2,   2,   1,   2, 
  2,   2,   2,   1, 
  2,   1,   2,   2, 
  1,   2,   2,   2, 
  2,   2,   2,   1, 
  1,   2,   2,   2, 
  2,   1,   2,   2, 
  2,   2,   1,   2, 
  2,   2,   2,   1, 
  1,   2,   2,   2, 
  2,   2,   1,   2, 
  2,   1,   2,   2, 
  2,   1,   2,   2, 
  1,   2,   2,   2, 
  2,   1,   2,   2, 
  2,   1,   2,   2, 
  2,   2,   1,   2, 
  2,   1,   2,   2, 
  2,   2,   2,   1, 
  2,   2,   2,   1, 
  2,   2,   1,   2, 
  1,   2,   2,   2, 
  2,   1,   2,   2, 
  1,   2,   2,   2, 
  1,   2,   2,   2, 
  2,   2,   1,   2, 
  2,   1,   2,   2, 
  2,   2,   1,   2, 
  1,   2,   2,   2, 
  2,   2,   1,   2, 
  1,   2,   2,   2, 
  2,   2,   2,   1, 


 TABLE COUNT BY PLAYER
  1,   0,   0,   1,   0,   1,   0,   0,   1,   1,   1,   0,   1,   0, 
  0,   1,   0,   1,   0,   0,   0,   1,   1,   1,   0,   1,   0,   1, 
  0,   1,   1,   1,   0,   0,   1,   0,   0,   1,   1,   1,   0,   0, 
  1,   1,   1,   1,   0,   1,   0,   1,   0,   0,   0,   0,   0,   1, 
  1,   1,   1,   0,   0,   1,   0,   1,   0,   1,   1,   0,   0,   0, 
  0,   1,   1,   0,   1,   1,   0,   1,   1,   0,   1,   0,   0,   0, 
  0,   0,   1,   0,   0,   0,   1,   0,   1,   1,   1,   1,   0,   1, 
  0,   1,   1,   0,   1,   1,   0,   1,   1,   0,   0,   0,   0,   1, 
  0,   0,   1,   1,   0,   0,   0,   1,   1,   0,   0,   1,   1,   1, 
  0,   0,   1,   1,   0,   1,   0,   0,   1,   1,   1,   1,   0,   0, 
  1,   1,   0,   0,   0,   1,   1,   1,   0,   0,   1,   1,   0,   0, 
  0,   0,   1,   1,   0,   0,   1,   0,   0,   1,   0,   1,   1,   1, 
  1,   0,   0,   0,   0,   0,   1,   1,   1,   1,   0,   0,   1,   1, 
  1,   0,   0,   1,   1,   0,   0,   0,   0,   1,   0,   1,   1,   1, 
  1,   0,   1,   0,   1,   1,   0,   0,   1,   0,   0,   0,   1,   1, 
  0,   0,   0,   1,   0,   0,   1,   0,   1,   1,   1,   1,   0,   1, 
  1,   0,   0,   1,   0,   0,   0,   1,   1,   1,   1,   0,   1,   0, 
  1,   0,   1,   0,   0,   1,   1,   0,   0,   0,   0,   1,   1,   1, 
  1,   1,   0,   0,   1,   1,   1,   1,   0,   0,   0,   0,   0,   1, 
  0,   0,   0,   0,   1,   1,   1,   1,   1,   0,   1,   0,   1,   0, 
  0,   1,   0,   1,   1,   1,   0,   1,   1,   0,   0,   0,   1,   0, 
  0,   1,   1,   0,   1,   0,   1,   0,   0,   1,   0,   1,   0,   1, 
  1,   0,   0,   1,   0,   1,   1,   0,   0,   0,   1,   1,   1,   0, 
  0,   0,   1,   1,   1,   1,   1,   0,   0,   0,   1,   1,   0,   0, 
  0,   0,   0,   0,   1,   1,   1,   0,   1,   0,   1,   0,   1,   1, 
  0,   1,   1,   1,   1,   0,   0,   0,   1,   0,   1,   0,   0,   1, 
  1,   1,   1,   1,   1,   0,   1,   0,   0,   1,   0,   0,   0,   0, 
  0,   1,   0,   1,   1,   1,   0,   1,   1,   1,   0,   0,   0,   0, 
  1,   1,   1,   0,   0,   0,   1,   1,   0,   1,   0,   1,   0,   0, 
  0,   1,   0,   1,   1,   0,   0,   1,   0,   1,   0,   1,   1,   0, 
  1,   0,   0,   0,   1,   1,   1,   0,   1,   1,   0,   0,   0,   1, 
  1,   1,   0,   0,   0,   1,   0,   1,   0,   1,   0,   0,   1,   1, 
  0,   1,   1,   1,   0,   0,   0,   1,   0,   0,   1,   1,   0,   1, 
  1,   0,   1,   0,   0,   1,   1,   0,   0,   0,   1,   1,   1,   0, 
  0,   1,   1,   1,   0,   1,   0,   0,   0,   1,   1,   0,   1,   0, 
  0,   0,   1,   0,   1,   0,   0,   1,   0,   1,   1,   0,   1,   1, 
  0,   1,   0,   0,   1,   1,   1,   0,   0,   1,   0,   1,   0,   1, 
  0,   1,   0,   1,   0,   1,   0,   0,   1,   0,   1,   0,   1,   1, 
  1,   0,   0,   0,   1,   1,   0,   1,   0,   1,   1,   0,   1,   0, 
  1,   0,   0,   0,   1,   0,   0,   1,   1,   1,   1,   0,   1,   0, 
  1,   0,   1,   1,   1,   0,   1,   0,   0,   1,   1,   0,   0,   0, 
  1,   0,   1,   0,   0,   1,   0,   1,   0,   1,   0,   1,   1,   0, 
  0,   1,   0,   1,   1,   0,   1,   1,   0,   1,   0,   1,   0,   0, 
  1,   1,   0,   0,   0,   0,   1,   0,   1,   0,   1,   0,   1,   1, 
  1,   1,   0,   0,   1,   0,   1,   0,   1,   0,   1,   0,   0,   1, 
  0,   1,   1,   1,   1,   1,   1,   0,   0,   0,   0,   1,   0,   0, 
  1,   0,   1,   0,   0,   1,   1,   0,   1,   0,   1,   0,   1,   0, 
  1,   0,   0,   0,   1,   0,   0,   1,   1,   1,   1,   1,   0,   0, 
  1,   0,   1,   0,   1,   0,   1,   0,   1,   0,   0,   1,   0,   1, 
  0,   1,   1,   1,   0,   0,   0,   1,   1,   0,   0,   0,   1,   1, 
  1,   0,   0,   1,   1,   1,   0,   0,   1,   0,   0,   1,   1,   0, 
  1,   1,   0,   0,   0,   0,   0,   1,   0,   1,   0,   1,   1,   1, 
  0,   0,   1,   0,   1,   1,   1,   1,   0,   0,   0,   0,   1,   1, 
  1,   1,   0,   1,   1,   0,   1,   0,   1,   0,   0,   1,   0,   0, 
  0,   1,   0,   1,   0,   0,   0,   1,   1,   0,   1,   1,   0,   1, 
  0,   0,   1,   1,   0,   0,   1,   1,   0,   0,   1,   1,   1,   0, 


 MEET COUNT BY PLAYER (negative = count of length-2 paths)
 -8,   1,   1,   1,   1,  -8,  -6,  -6, -12,   1,   1,  -7,   1,  -8,  -6,   1,   1,  -8,  -4,  -7,  -7,  -8,  -9,   1,  -8,  -7,   1,  -9,   1,  -7,   1, -10,   1,  -6,  -6,  -7,  -8,  -6,  -7,   1,   1,   1,   1,   1,  -6,  -9, -10,   1,  -8,  -9,  -9,  -6,  -8,  -8,   1, 
  1,  -7,   1, -11,  -7,   1,   1,   1,   1,  -5,   1,   1, -10,  -7,  -7,  -4,   1,  -6, -11,  -7,  -8, -12,  -8,   1,   1,  -7,  -7,  -6,   1,  -4,  -7,   1,  -8, -10,   1,  -9,  -7,   1,  -5,   1, -10,   1,   1,   1,  -9,  -4,  -9,   1,  -8,  -7,   1,  -8,  -6,  -7, 
  1,   1, -11,  -8,  -7,  -8,   1,   1,  -8,  -7,  -7,  -7,  -6,  -5,  -7,  -7,  -6,  -9,  -7,   1,   1,  -5,   1,  -8,  -8,  -7,  -8,   1,  -7,  -8,  -9,   1,  -9,   1,  -9,  -5,   1,   1,  -7,  -9, -10,  -9,   1,  -5,  -9,  -9,  -7,   1,   1,   1,   1,   1,   1, 
  1,   1, -10,  -8,  -9,   1,   1,  -8,  -5,  -7,  -6,  -8,   1,  -8,  -8,  -8,  -9,  -7,  -7,  -7,  -9,   1,   1,   1,  -6,   1,   1,  -9,   1,  -8,  -7,   1,  -8,   1,  -7,  -9,  -9,  -9, -11,  -7,  -9,  -6,   1,   1,   1,  -5,   1,   1,  -9,   1, -10,  -8, 
  1,   1,   1,  -9,  -8,   1,  -9,  -6,  -7,  -7,  -5,  -9,  -6,   1,  -9,  -6,   1,  -8,   1,  -9, -10,   1,  -7,   1,   1,  -7,  -6,   1, -11,  -7,   1,  -7,  -6,  -6,  -8,  -7,   1,  -9,  -6,   1, -11,  -7,  -8,   1,  -6, -11,   1,   1,  -7,  -8,  -7, 
  1,   1,   1,   1,   1,  -9,   1, -10,  -6,  -5,  -9,  -7,  -6,  -6,  -8, -12,  -3,  -8,  -8,   1, -10,  -6, -11,  -8,  -9,  -9,  -8,   1,  -6,  -5,  -6,  -9,   1,  -5,  -5,  -9,   1,  -7,   1,   1,  -8,  -9,   1,   1,   1,  -9,  -8,   1,   1,   1, 
  1,  -8,   1,  -5,   1,   1,   1,  -9,  -8,   1,  -8,  -6,   1,  -7,   1,  -6,  -7, -11,   1,  -6,   1, -10, -11,  -8,   1,   1,  -8,  -8,  -6,  -4,  -5,   1,   1,  -9,  -9,  -9,  -5,  -7,  -6, -10,   1,  -6,  -8,   1,   1,  -8,  -9,   1,   1, 
 -7,  -8,  -7,  -9, -10, -11,  -6,  -8,  -7,  -8,   1, -10,   1,   1,  -5,  -9,   1,  -8,  -8,  -9,   1,   1,   1,   1,   1,  -9,  -8,  -7,  -7,  -6,   1,  -6,  -5,   1,  -8,  -7,  -9,   1,   1,   1,  -9,  -8,   1,  -8,   1, -10,   1,  -8, 
  1,  -7, -10,   1,  -4, -11,   1,   1,   1,   1,  -6,   1,  -6,  -7,   1,  -8,   1,   1, -10,   1,  -6,  -8,  -4,   1,  -9,  -9, -10,   1,   1,  -9,  -7,  -9,   1,  -8,   1,  -8,  -7,  -8,  -5,  -7, -10,  -8,   1,  -7,   1,  -9,   1, 
 -9,  -8,  -9, -10,   1,  -6,   1,  -7, -11,  -5,  -7,  -7,  -5,   1,   1,  -6,  -9,  -8,  -7,  -6,  -7,   1,  -9,  -8,  -7,  -5,  -8,   1,  -7,  -9,   1,   1,   1,   1,   1,  -8,   1,  -9,  -7,  -7,   1,  -9,  -4,   1,  -8,   1, 
 -4,  -9,  -9,  -6,  -7,   1,  -4,  -6,   1,   1,  -9,  -8,   1,  -6,  -8,  -9,  -7,  -9,  -5,   1,  -6,  -7,   1,   1,   1,   1,  -9,  -7,  -8, -10,  -9,   1, -10,   1,   1,  -6,   1,  -9,   1,  -7,  -7, -11,   1,  -8,  -8, 
 -6,  -6,  -8,   1,  -6, -12,   1,  -9,  -5,  -9,   1,  -8,   1,   1,   1, -10,   1,   1,  -6,  -9,  -8,  -9,  -8,  -6,  -7,  -9,   1,  -8,   1,   1,   1,   1,  -6,  -6,  -9,   1,   1,  -7,  -8,   1,  -9,   1,   1,   1, 
  1,   1,  -7,   1,  -8,  -9,   1,   1,   1,  -9,  -8,   1,   1,  -7,   1,  -7,  -5,   1,  -9, -12, -12,   1,  -9,   1,  -8,   1,  -9,  -5,   1,  -7,  -8,  -7, -10,  -5,  -8,  -7,   1,  -7,  -8,   1,  -9,  -5,   1, 
  1,  -7, -10,  -9,  -8,  -8,  -8, -10,  -6,   1,   1,  -9,  -9,   1,  -7,   1,   1,   1,   1,   1,  -7,  -4,  -8,  -8,   1,   1,  -6,  -9,   1,  -9,   1,   1,   1,  -7,  -6,   1,   1,  -6,  -8,  -5,  -9,  -8, 
 -8,   1,   1,   1,   1,  -8,  -8,   1,   1,   1,  -6,   1, -13,  -9,  -7,  -8,   1,  -6,  -9,  -7,  -8,   1,   1,   1,   1, -12,   1,  -7,  -6,   1,   1, -11,  -5,   1,  -7,  -7,   1, -10,  -8,  -6,  -4, 
 -5,   1,   1,   1, -10,  -7, -10,  -5,  -5, -10,   1,  -8,  -9,   1,   1,  -7,   1,  -6,   1,   1,   1,   1,   1,   1, -10,  -7,   1,   1,  -3,  -5,   1,   1,  -6, -10,  -9,  -9,  -9, -10,   1,   1, 
-10,  -7,   1,   1,  -9,  -6,  -9,   1,  -8,  -7,   1,   1,  -7,  -7,   1,   1,   1,  -7,   1, -12,   1,  -6,  -9,   1,   1,  -6,  -6,   1,  -5,  -9,  -8, -10,  -8,  -7,  -7,  -4,  -8,  -6,  -8, 
 -7, -10,   1,  -7,   1,  -8,  -7,   1,  -8,   1,   1,   1,  -6,   1,   1,  -7, -10,   1, -11,  -9,   1, -10,   1,  -5,  -7,   1,  -7,  -6,   1, -10,  -6,   1,  -7,   1,  -5,  -7,   1,   1, 
  1,  -7,  -7, -10,   1,   1,  -7, -11,   1,  -8,   1,  -9,  -8, -10,  -7,  -6,  -8,   1,   1,  -7,  -7,  -5,   1,  -8,   1,  -7,  -9,   1, -10,   1,  -5,   1,  -8,   1,   1,  -9,  -6, 
-10,   1,   1,  -7,  -7,  -7,  -9,  -6,   1,  -6,   1,  -9,   1,  -8,   1,   1, -10,  -9,   1,  -9,   1,  -6,  -8,  -9,  -7, -10,   1,   1,   1,   1,  -6,  -9,   1,  -7,  -5, -11, 
-10,   1,  -8,  -8, -10,   1,   1,  -8,  -6,   1,  -9,   1,  -7,   1,   1,   1, -10,  -7,   1,   1,  -6,  -8,   1,   1,  -8,  -8,  -6,  -5,   1,   1,  -5,  -7,   1,  -6,  -8, 
  1,  -7,   1,  -6,   1,  -5,   1,  -8,  -8,   1,   1,   1,   1,   1,  -6,  -6, -11,  -6,  -8,  -7,   1,  -8,  -8,   1, -10,  -8,   1,   1,   1,  -6, -12,   1,  -9,   1, 
  1,  -6,   1,   1,   1,  -9,   1, -10,  -7, -10,  -7,   1,   1,   1,  -9,  -6,   1,   1,  -6,  -8,   1,  -8,   1,  -6,  -7,   1,  -8,  -7, -11,   1,  -7,  -8,  -6, 
  1,  -7,  -7,   1,   1,  -9,  -6,  -9,  -7,  -8,   1,  -6, -10,  -8,  -5,  -8,  -7,   1,  -8,   1,   1,   1,  -8,  -7, -10,  -7,   1,   1,   1,  -9,   1,  -6, 
 -6,  -8,   1,  -8,   1,  -4,   1,   1,   1,  -6,  -3,  -7,  -8,  -8,  -6,  -7,   1,  -8,  -8,   1,  -7,   1,  -8,  -8,  -5,   1,  -4,  -6,   1,  -9,  -9, 
 -9,   1,  -7,   1,   1,  -5,   1,   1,  -7,   1,   1,  -9,  -7,   1,  -8,  -8,  -7,  -9,  -4,  -7,  -5,  -8,  -8,  -7,  -8,   1,   1,  -6,   1,  -9, 
 -4, -10,  -8, -10,  -7,  -7,   1,  -6,   1,  -8,  -9,   1,   1,  -7,  -8,   1, -10,   1,  -9,   1,  -8,   1,  -8,   1, -10,   1,   1,  -5,  -8, 
 -4,   1,  -8,   1, -10,  -9,  -6,  -9,   1,   1,  -6,   1, -10,   1,  -7,  -7,  -8,  -6,  -8,   1,  -6,  -6, -10,  -9,  -8,  -8,   1,  -5, 
 -5,  -5,  -9,  -9,   1,  -8,   1,  -5,  -8,   1,  -6,   1,  -9,  -5,  -8,   1,   1,   1,  -9,   1,   1,  -5,   1,  -9,  -8,   1,   1, 
 -8,   1,   1,  -6,  -6,  -8,  -7,   1,  -7,  -8,  -9, -10,   1,  -9,  -5,  -6, -10,   1,  -8,  -5,   1,  -9,   1,  -8,   1,  -6, 
 -5, -11,  -7,   1,   1,   1,   1,   1,   1,  -9,  -7,   1,   1,  -6, -10, -10,  -8,   1, -12,   1,  -8, -11,  -7,  -6,  -6, 
-11,  -8,   1,  -4,  -3,  -8,   1,  -7,   1,  -8,  -8,  -6,   1,  -9,   1,   1,  -5,  -7,   1,  -8,  -4,   1,   1, -10, 
 -7,   1, -11,   1,  -7,  -7,  -6,   1,  -6,  -7,   1,  -6,  -5, -10,  -9,  -5,  -8,   1,  -8,  -6,  -7,  -7,   1, 
 -5, -11,   1,  -7,  -7,   1,  -7,   1, -10,  -6,   1, -12,   1,  -6,   1,   1,  -7,  -7,   1,  -8,   1,   1, 
-10, -11,  -6, -11,  -8,   1,  -4, -10,   1,  -6,   1,  -6,   1,  -8,   1,  -8,   1,   1,   1,  -9,   1, 
  1,   1,  -8,   1,  -9,  -4, -10,   1,  -8,  -8,   1,  -6, -10,   1,  -7,  -7,   1,  -7,  -6,  -7, 
  1,  -5, -13,   1,   1,  -7,   1,  -7,   1,  -5,  -5,  -9,  -9,  -6,  -6,  -9,  -7,  -7,  -7, 
 -6,   1,   1,   1,   1,  -9,  -7,   1,  -6,  -9,   1,   1,  -7,  -9,  -7,   1,   1,  -5, 
 -8,  -7,  -6,  -9,  -7,  -8,   1,   1,   1,  -9,   1,  -8,   1,  -7,   1, -13,   1, 
  1,  -7,   1,  -8,   1,  -8,   1,  -8, -10,  -7,  -8,   1,   1,  -4,  -8,  -5, 
-10,   1, -10,   1,  -8,  -8,   1,   1,  -7,  -6,   1,  -9,  -8,  -8,  -9, 
  1,  -9, -10,  -7,  -6,   1,   1,  -5,  -6,   1, -11,  -7,  -8,  -7, 
  1,  -8,  -7,  -8,   1, -11,   1,   1,   1,   1,  -9,  -9,  -9, 
 -6,  -6,   1,  -6,  -5,   1,   1,  -6,  -7,  -8,  -6,   1, 
  1,   1,  -4,   1,  -8,  -9,  -7,  -8,  -8,  -6,  -6, 
 -5,  -7,   1,   1,  -7,  -9,   1,   1,   1,  -8, 
  1,  -7,  -9,   1,  -6,  -8,  -9,  -8,   1, 
 -7,  -8,  -8,   1,   1,   1,   1,   1, 
 -7,  -6,   1,   1,  -8,  -7,  -6, 
 -7,  -6,  -8,   1,   1,   1, 
 -6,  -7, -11,   1,  -8, 
  1,  -8,   1,  -9, 
 -6,  -9,  -5, 
  1,   1, 
-11, 



 PATH LENGTHS
1540 total unique player pairs
588 player-pairs who play each other
  0 player-pairs with   0 length-2 paths
  0 player-pairs with   1 length-2 paths
  0 player-pairs with   2 length-2 paths
  4 player-pairs with   3 length-2 paths
 24 player-pairs with   4 length-2 paths
 70 player-pairs with   5 length-2 paths
150 player-pairs with   6 length-2 paths
206 player-pairs with   7 length-2 paths
217 player-pairs with   8 length-2 paths
160 player-pairs with   9 length-2 paths
121 player-pairs with  10+ length-2 paths
