

SEATING BY ROUND, BY TABLE
 52,  48,  24,  46, ;   60,   1,  57,  20, ;   65,  18,   5,  27, ;   49,  31,  19,  21, ;   23,   8,   9,  51, ;   76,  55,  25,  54, ;   72,   3,  15,  32, ;   73,  35,  43,  26, ;   53,  79,  11,  36, ;   44,  28,  75,  34, ;   14,  10,  62,   0, ;   40,  63,  77,  70, ;   39,  47,  22,  12, ;   58,  64,  41,  56, ;   78,   7,   2,  16, ;   71,  13,  68,  74, ;   66,   6,  50,  17, ;   61,  45,  59,  33, ;   37,  42,  29,  69, ;   67,  38,   4,  30, ;  
 67,  68,  62,  18, ;   63,  23,  41,  17, ;   55,  39,   8,   6, ;   50,  47,  77,  48, ;   30,  34,  54,   3, ;   22,  33,  78,  73, ;   57,   0,  31,  53, ;   10,  12,  61,  32, ;   65,  74,  49,  14, ;   71,  66,  58,  60, ;   29,  75,  16,  45, ;   21,  35,  20,   7, ;   42,  26,  51,   5, ;   36,  69,  24,   1, ;   44,  27,  19,  76, ;   72,  43,  11,   4, ;   64,  28,  15,  79, ;   52,  37,  38,  13, ;    9,   2,  40,  25, ;   59,  70,  56,  46, ;  
 45,  35,  54,  27, ;   71,  15,  48,  69, ;   67,  50,  26,  60, ;   36,  13,  59,   9, ;   33,  79,  17,  12, ;   30,  66,   7,  65, ;   28,  63,   2,  76, ;   72,  14,  55,  24, ;   56,   0,  73,  77, ;   42,  68,  22,   8, ;   51,  44,  32,  57, ;   37,  25,  16,   4, ;   38,   3,  49,   6, ;   43,  21,  40,  74, ;   53,  62,  34,  41, ;   70,  75,  18,  47, ;   29,  31,  11,  10, ;   78,  46,   1,  58, ;   61,  20,  52,  39, ;   64,  19,   5,  23, ;  
  6,  44,  53,   5, ;   37,  24,  31,  40, ;    1,   9,  77,  79, ;    7,  71,  67,  70, ;   62,  21,  13,  69, ;   48,  56,  72,  10, ;   17,  25,  65,  61, ;   18,  52,  66,  19, ;   12,  60,  28,   8, ;   51,  46,  47,  11, ;    3,  58,  73,  36, ;   59,  54,  41,  38, ;   50,  16,   0,  43, ;   26,  14,  76,  78, ;   68,   4,  75,  35, ;   27,  32,  22,  20, ;    2,  49,  23,  39, ;   63,  29,  34,  55, ;   64,  30,  74,  33, ;   45,  42,  15,  57, ;  
 41,  20,  71,  40, ;   54,  51,   7,  10, ;   17,  32,  30,  21, ;    3,  18,  35,  16, ;   60,  76,  72,  42, ;   12,  29,  24,  38, ;   68,   6,  78,  77, ;   69,  22,  74,  59, ;   63,  75,   1,  33, ;    4,   9,  45,  65, ;   47,  43,  49,  66, ;   73,  23,  53,  28, ;   36,  70,  55,  27, ;   19,  37,  79,  46, ;   61,  13,  31,  64, ;   50,  14,  52,  44, ;   25,  62,   5,  48, ;   15,   2,   8,  67, ;   57,  11,  26,  56, ;   58,  39,   0,  34, ;  
 76,  11,   7,  37, ;    9,  22,  44,  29, ;   10,  33,  53,  68, ;   46,  12,  64,  75, ;    2,  77,  18,   4, ;   35,  52,  34,  15, ;   20,  70,  50,  49, ;   21,  67,  57,  28, ;   62,  45,   6,  24, ;   26,  41,  27,   3, ;   40,  55,  65,  42, ;   43,  30,  56,   1, ;   23,  58,  13,  25, ;   66,  39,  38,  73, ;   32,  59,  71,  63, ;    8,  48,  78,  31, ;   19,  47,  69,   0, ;   54,  79,  60,  14, ;   16,  17,  72,   5, ;   74,  61,  36,  51, ;  
 14,  51,  21,  22, ;   13,   2,  43,  70, ;    0,  72,  66,  61, ;   33,  57,  38,  34, ;   28,  59,  27,  29, ;   20,  23,  79,  74, ;   16,  11,   8,  41, ;   62,  31,   9,  54, ;   42,  78,   3,  71, ;   49,  18,  48,  64, ;    7,  53,  12,  63, ;   32,   5,  67,  52, ;   19,  56,  75,  15, ;   55,  50,  68,  30, ;   60,  77,  36,  37, ;   73,  45,  46,  25, ;   40,  44,  58,  26, ;   39,  65,  69,  35, ;    6,  76,   4,   1, ;   47,  24,  10,  17, ;  
 55,  78,  32,  47, ;   39,  19,  74,  45, ;   75,  38,  43,  62, ;   10,  41,  73,   6, ;   44,  36,  65,  16, ;   58,  37,  51,  67, ;   34,  71,  56,  21, ;   76,  30,  48,  23, ;   69,  64,  54,  72, ;    5,  63,  35,  50, ;   31,  27,   2,  79, ;   57,   8,  46,  61, ;   11,  40,  17,  68, ;   53,  29,  25,  77, ;   14,  20,  33,  66, ;   24,   7,  26,   9, ;   70,  60,   3,  52, ;    0,   4,  42,  28, ;   59,  15,  12,  18, ;    1,  49,  13,  22, ;  
  4,  57,  17,  58, ;   79,  49,  52,  59, ;   74,  56,  37,  47, ;    5,  22,  45,  11, ;   20,   0,  63,  78, ;   75,  40,   3,  53, ;   35,  42,  23,  62, ;   15,  50,  46,   7, ;    9,  10,  21,  55, ;   13,  32,  39,  29, ;   18,  26,  33,  72, ;   51,  68,  64,  66, ;   65,  24,  76,  71, ;   48,  61,  44,  60, ;    8,  73,  70,  30, ;    2,  34,  36,  19, ;   54,  16,   1,  67, ;   27,  12,   6,  43, ;   31,  77,  28,  38, ;   25,  69,  14,  41, ;  
 26,  25,  28,  49, ;   38,  36,  76,  56, ;   22,   4,  70,  15, ;   74,  54,  42,  44, ;   41,   5,  66,  57, ;   46,  16,  63,  68, ;   43,   7,  33,  48, ;   79,  34,  40,   8, ;   17,  19,  20,  13, ;   30,  61,   6,   2, ;   77,  67,  39,  59, ;   11,  62,  55,  71, ;   78,  53,  60,  35, ;   75,  27,   0,  51, ;   69,  52,  10,  58, ;    1,  64,  29,  65, ;   32,   9,  14,  37, ;   21,  73,  18,  24, ;   45,   3,  47,  23, ;   12,  72,  50,  31, ;  
 23,  38,  61,  50, ;    0,  65,  21,  11, ;   34,  78,  45,  64, ;   66,   1,  37,  62, ;   46,  53,  71,  22, ;   31,  60,  32,  18, ;   27,  74,   4,  73, ;   33,   5,  47,  13, ;   35,  58,  59,   2, ;   52,  40,  16,  76, ;   56,   6,  25,  20, ;   49,  69,  12,   9, ;   79,  41,  29,  72, ;   28,  17,  70,  54, ;   24,  67,  42,  43, ;   15,  51,  30,  39, ;    7,  55,  57,  75, ;   77,  10,  19,  26, ;   48,  36,  68,  14, ;    3,   8,  63,  44, ;  
 56,  66,  69,  63, ;    4,  26,  64,  53, ;   16,  71,  51,  49, ;   68,  43,  58,  32, ;   11,  74,  67,  75, ;   41,   1,  61,  19, ;    5,  54,  39,  40, ;   38,  17,  27,  42, ;   25,  15,  44,  31, ;   70,  33,  37,   0, ;   24,  28,  30,  78, ;   34,  65,  10,  50, ;    8,  59,  14,   7, ;    6,  57,   9,  52, ;   22,  48,  79,   3, ;   77,  21,  23,  12, ;   18,  76,  20,  45, ;   47,  72,  62,  36, ;   13,  46,  35,  55, ;   29,  73,  60,   2, ;  


 WIND COUNT BY PLAYER
  3,   3,   3,   3, 
  3,   3,   3,   3, 
  3,   3,   3,   3, 
  3,   3,   3,   3, 
  3,   3,   3,   3, 
  3,   3,   3,   3, 
  3,   3,   3,   3, 
  3,   3,   3,   3, 
  3,   3,   3,   3, 
  3,   3,   3,   3, 
  3,   3,   3,   3, 
  3,   3,   3,   3, 
  3,   3,   3,   3, 
  3,   3,   3,   3, 
  3,   3,   3,   3, 
  3,   3,   3,   3, 
  3,   3,   3,   3, 
  3,   3,   3,   3, 
  3,   3,   3,   3, 
  3,   3,   3,   3, 
  3,   3,   3,   3, 
  3,   3,   3,   3, 
  3,   3,   3,   3, 
  3,   3,   3,   3, 
  3,   3,   3,   3, 
  3,   3,   3,   3, 
  3,   3,   3,   3, 
  3,   3,   3,   3, 
  3,   3,   3,   3, 
  3,   3,   3,   3, 
  3,   3,   3,   3, 
  3,   3,   3,   3, 
  3,   3,   3,   3, 
  3,   3,   3,   3, 
  3,   3,   3,   3, 
  3,   3,   3,   3, 
  3,   3,   3,   3, 
  3,   3,   3,   3, 
  3,   3,   3,   3, 
  3,   3,   3,   3, 
  3,   3,   3,   3, 
  3,   3,   3,   3, 
  3,   3,   3,   3, 
  3,   3,   3,   3, 
  3,   3,   3,   3, 
  3,   3,   3,   3, 
  3,   3,   3,   3, 
  3,   3,   3,   3, 
  3,   3,   3,   3, 
  3,   3,   3,   3, 
  3,   3,   3,   3, 
  3,   3,   3,   3, 
  3,   3,   3,   3, 
  3,   3,   3,   3, 
  3,   3,   3,   3, 
  3,   3,   3,   3, 
  3,   3,   3,   3, 
  3,   3,   3,   3, 
  3,   3,   3,   3, 
  3,   3,   3,   3, 
  3,   3,   3,   3, 
  3,   3,   3,   3, 
  3,   3,   3,   3, 
  3,   3,   3,   3, 
  3,   3,   3,   3, 
  3,   3,   3,   3, 
  3,   3,   3,   3, 
  3,   3,   3,   3, 
  3,   3,   3,   3, 
  3,   3,   3,   3, 
  3,   3,   3,   3, 
  3,   3,   3,   3, 
  3,   3,   3,   3, 
  3,   3,   3,   3, 
  3,   3,   3,   3, 
  3,   3,   3,   3, 
  3,   3,   3,   3, 
  3,   3,   3,   3, 
  3,   3,   3,   3, 
  3,   3,   3,   3, 


 TABLE COUNT BY PLAYER
  0,   1,   1,   0,   1,   0,   1,   0,   1,   1,   1,   0,   1,   1,   0,   0,   1,   1,   0,   1, 
  0,   1,   1,   1,   0,   1,   0,   0,   1,   0,   0,   1,   0,   1,   0,   1,   1,   1,   1,   1, 
  0,   1,   0,   0,   1,   0,   1,   0,   1,   1,   1,   0,   0,   0,   1,   1,   1,   1,   1,   1, 
  0,   0,   0,   1,   1,   1,   1,   0,   1,   1,   1,   0,   1,   0,   1,   0,   1,   0,   1,   1, 
  1,   1,   1,   0,   1,   0,   1,   0,   0,   1,   0,   1,   0,   0,   1,   1,   0,   1,   1,   1, 
  1,   0,   1,   1,   1,   0,   1,   1,   0,   1,   0,   1,   1,   0,   0,   0,   1,   0,   1,   1, 
  1,   0,   1,   1,   0,   0,   1,   0,   1,   1,   1,   0,   1,   1,   0,   0,   1,   1,   1,   0, 
  1,   1,   0,   1,   0,   1,   1,   1,   0,   0,   1,   1,   1,   0,   1,   1,   1,   0,   0,   0, 
  0,   0,   1,   0,   1,   0,   1,   1,   1,   1,   0,   1,   1,   0,   1,   1,   0,   1,   0,   1, 
  0,   1,   1,   1,   1,   0,   0,   1,   1,   1,   0,   1,   0,   1,   0,   1,   1,   0,   1,   0, 
  0,   1,   1,   1,   0,   1,   0,   1,   1,   0,   1,   1,   0,   0,   1,   0,   1,   1,   0,   1, 
  1,   1,   0,   1,   1,   0,   1,   0,   1,   1,   0,   1,   1,   0,   0,   1,   1,   0,   1,   0, 
  0,   0,   0,   1,   1,   1,   0,   1,   1,   0,   1,   1,   1,   0,   0,   1,   0,   1,   1,   1, 
  0,   1,   0,   1,   1,   0,   0,   1,   1,   1,   0,   0,   1,   0,   1,   1,   0,   1,   1,   1, 
  1,   0,   0,   0,   0,   0,   0,   1,   1,   0,   1,   0,   1,   1,   1,   1,   1,   1,   1,   1, 
  0,   1,   1,   0,   0,   1,   1,   1,   1,   0,   0,   0,   1,   0,   0,   1,   1,   1,   1,   1, 
  0,   0,   1,   1,   1,   1,   1,   0,   0,   1,   1,   1,   1,   0,   1,   0,   1,   0,   1,   0, 
  1,   1,   1,   0,   1,   0,   1,   1,   1,   0,   0,   0,   1,   1,   0,   0,   1,   0,   1,   1, 
  1,   0,   1,   1,   1,   1,   0,   1,   0,   1,   1,   0,   0,   0,   0,   1,   1,   1,   1,   0, 
  0,   1,   0,   1,   0,   1,   0,   1,   1,   0,   0,   0,   1,   1,   1,   1,   1,   1,   0,   1, 
  1,   1,   0,   0,   1,   1,   1,   0,   1,   0,   1,   1,   0,   0,   1,   1,   1,   0,   1,   0, 
  1,   1,   1,   1,   1,   0,   1,   1,   1,   0,   0,   1,   0,   1,   0,   1,   0,   1,   0,   0, 
  1,   1,   1,   1,   1,   1,   0,   1,   0,   1,   0,   0,   1,   0,   1,   1,   0,   0,   0,   1, 
  1,   1,   0,   0,   1,   1,   1,   1,   0,   0,   0,   1,   1,   0,   0,   1,   1,   0,   1,   1, 
  1,   1,   0,   0,   0,   1,   0,   1,   1,   0,   1,   0,   1,   1,   1,   1,   0,   1,   0,   1, 
  1,   0,   0,   0,   0,   1,   1,   0,   1,   0,   1,   1,   1,   1,   0,   1,   1,   0,   1,   1, 
  1,   1,   1,   0,   0,   0,   0,   1,   0,   1,   1,   0,   1,   1,   0,   1,   1,   1,   1,   0, 
  1,   0,   1,   0,   1,   0,   1,   1,   0,   1,   1,   0,   1,   1,   1,   1,   0,   1,   0,   0, 
  1,   0,   0,   0,   1,   0,   1,   1,   1,   1,   1,   1,   0,   1,   0,   0,   1,   1,   1,   0, 
  0,   1,   0,   0,   1,   1,   0,   0,   0,   1,   1,   0,   1,   1,   0,   1,   1,   1,   1,   1, 
  0,   0,   1,   0,   1,   1,   0,   1,   0,   1,   1,   1,   0,   1,   1,   1,   0,   0,   1,   1, 
  0,   1,   0,   1,   0,   1,   1,   1,   1,   0,   1,   0,   0,   0,   1,   1,   1,   0,   1,   1, 
  1,   0,   1,   1,   0,   1,   1,   1,   0,   1,   1,   1,   0,   0,   1,   1,   1,   0,   0,   0, 
  0,   0,   1,   1,   1,   1,   1,   1,   1,   1,   1,   0,   0,   0,   1,   0,   0,   1,   1,   0, 
  0,   0,   1,   1,   1,   1,   1,   1,   0,   1,   0,   1,   0,   0,   1,   1,   0,   1,   0,   1, 
  1,   0,   0,   1,   0,   1,   1,   1,   1,   1,   0,   1,   1,   0,   1,   0,   0,   1,   1,   0, 
  0,   1,   0,   1,   1,   0,   0,   0,   1,   0,   1,   0,   1,   1,   1,   1,   0,   1,   1,   1, 
  1,   1,   1,   1,   0,   1,   0,   0,   0,   1,   0,   1,   0,   1,   1,   0,   1,   1,   1,   0, 
  1,   1,   1,   1,   0,   1,   0,   1,   0,   0,   0,   1,   1,   1,   0,   0,   0,   1,   1,   1, 
  0,   1,   1,   0,   0,   0,   1,   0,   0,   1,   1,   0,   1,   1,   0,   1,   1,   1,   1,   1, 
  1,   1,   0,   0,   0,   1,   1,   1,   0,   1,   1,   1,   1,   1,   0,   0,   1,   0,   1,   0, 
  1,   1,   0,   1,   1,   1,   1,   0,   0,   1,   0,   1,   1,   1,   1,   0,   0,   0,   0,   1, 
  0,   0,   0,   1,   1,   0,   1,   1,   1,   1,   1,   0,   1,   0,   1,   0,   0,   1,   1,   1, 
  0,   1,   1,   1,   0,   0,   1,   1,   0,   0,   1,   1,   1,   1,   1,   1,   0,   1,   0,   0, 
  1,   1,   0,   1,   1,   0,   0,   0,   1,   1,   1,   0,   0,   1,   1,   1,   1,   0,   0,   1, 
  1,   1,   1,   1,   0,   0,   0,   0,   1,   1,   1,   0,   0,   0,   0,   1,   1,   1,   1,   1, 
  1,   0,   0,   1,   1,   1,   0,   1,   0,   1,   0,   1,   0,   1,   0,   1,   0,   1,   1,   1, 
  1,   0,   1,   1,   0,   0,   0,   1,   0,   1,   1,   0,   1,   0,   0,   1,   1,   1,   1,   1, 
  1,   1,   0,   1,   0,   1,   1,   1,   0,   1,   0,   0,   0,   1,   1,   1,   1,   0,   1,   0, 
  1,   1,   1,   1,   0,   0,   1,   0,   1,   1,   1,   1,   1,   0,   0,   0,   1,   0,   0,   1, 
  1,   0,   1,   1,   0,   0,   1,   1,   0,   1,   0,   1,   1,   1,   0,   1,   1,   0,   0,   1, 
  1,   1,   1,   0,   1,   1,   0,   0,   0,   1,   1,   1,   1,   1,   0,   1,   0,   0,   0,   1, 
  1,   1,   0,   0,   0,   1,   0,   1,   0,   1,   0,   1,   0,   1,   1,   1,   1,   1,   1,   0, 
  1,   1,   1,   0,   1,   1,   1,   0,   1,   0,   1,   1,   1,   1,   1,   0,   0,   0,   0,   0, 
  1,   1,   0,   1,   1,   1,   1,   1,   1,   0,   0,   1,   0,   1,   0,   0,   1,   1,   0,   0, 
  1,   0,   1,   0,   0,   1,   0,   1,   1,   0,   1,   1,   1,   1,   0,   0,   1,   1,   1,   0, 
  1,   1,   1,   0,   0,   1,   1,   0,   1,   0,   1,   1,   1,   1,   0,   0,   0,   0,   1,   1, 
  1,   1,   0,   1,   1,   0,   1,   1,   0,   0,   1,   1,   0,   1,   0,   0,   1,   0,   1,   1, 
  1,   0,   0,   1,   0,   1,   0,   0,   1,   1,   1,   0,   1,   1,   1,   0,   1,   1,   0,   1, 
  0,   1,   0,   1,   1,   0,   0,   1,   1,   0,   1,   1,   1,   0,   1,   0,   0,   1,   1,   1, 
  0,   1,   1,   0,   1,   1,   0,   0,   1,   1,   0,   0,   1,   1,   1,   0,   1,   1,   0,   1, 
  1,   0,   1,   0,   0,   1,   1,   1,   0,   1,   0,   1,   0,   1,   1,   0,   0,   1,   1,   1, 
  1,   0,   1,   1,   1,   0,   1,   1,   1,   0,   1,   1,   0,   0,   1,   0,   1,   1,   0,   0, 
  1,   1,   0,   0,   1,   1,   1,   0,   1,   1,   1,   1,   0,   0,   1,   0,   0,   1,   0,   1, 
  0,   1,   1,   1,   0,   0,   0,   0,   1,   1,   0,   1,   0,   1,   1,   1,   1,   0,   1,   1, 
  0,   1,   1,   0,   1,   1,   1,   0,   1,   1,   1,   1,   1,   0,   0,   1,   0,   1,   0,   0, 
  1,   0,   1,   1,   1,   1,   0,   1,   0,   1,   1,   1,   0,   1,   1,   0,   1,   0,   0,   0, 
  1,   0,   1,   1,   1,   1,   0,   1,   0,   0,   1,   1,   0,   0,   1,   0,   1,   1,   0,   1, 
  1,   0,   1,   1,   0,   1,   1,   0,   0,   1,   0,   1,   1,   1,   1,   1,   0,   0,   1,   0, 
  1,   1,   0,   0,   1,   0,   0,   1,   1,   0,   0,   1,   0,   1,   1,   0,   1,   1,   1,   1, 
  0,   1,   1,   1,   0,   0,   1,   0,   0,   1,   0,   1,   1,   1,   1,   1,   1,   0,   0,   1, 
  1,   1,   1,   1,   1,   0,   1,   0,   1,   1,   0,   1,   1,   0,   1,   1,   0,   0,   0,   0, 
  0,   0,   1,   0,   1,   1,   1,   1,   1,   0,   1,   0,   1,   0,   0,   1,   0,   1,   1,   1, 
  0,   0,   0,   1,   0,   1,   1,   1,   1,   0,   1,   1,   0,   1,   1,   1,   0,   1,   0,   1, 
  0,   1,   1,   1,   1,   1,   1,   1,   1,   0,   0,   0,   0,   1,   0,   1,   0,   0,   1,   1, 
  0,   0,   1,   1,   1,   1,   0,   0,   1,   1,   1,   0,   1,   1,   1,   1,   1,   0,   0,   0, 
  1,   1,   0,   0,   1,   1,   1,   1,   0,   1,   0,   0,   1,   1,   1,   0,   1,   0,   1,   0, 
  0,   0,   1,   1,   1,   0,   1,   0,   1,   0,   1,   1,   0,   1,   1,   1,   0,   1,   1,   0, 
  1,   0,   1,   0,   1,   1,   1,   0,   1,   0,   1,   0,   1,   1,   1,   1,   0,   1,   0,   0, 
  0,   1,   1,   0,   1,   1,   0,   1,   1,   0,   1,   0,   1,   1,   1,   0,   1,   1,   0,   0, 
