

 initial tables

8, 0, 0, 0, 0, 0, 0, 0, 
0, 8, 0, 0, 0, 0, 0, 0, 
0, 0, 0, 0, 0, 8, 0, 0, 
0, 0, 8, 0, 0, 0, 0, 0, 
1, 1, 1, 0, 0, 1, 4, 0, 
1, 1, 1, 2, 0, 1, 2, 0, 
1, 1, 1, 0, 2, 1, 0, 2, 
1, 1, 1, 0, 2, 1, 0, 2, 
1, 1, 1, 1, 1, 0, 1, 2, 
1, 1, 0, 1, 1, 1, 2, 1, 
1, 0, 1, 0, 4, 1, 0, 1, 
0, 1, 1, 1, 1, 1, 2, 1, 
1, 1, 1, 0, 2, 1, 1, 1, 
1, 1, 1, 2, 0, 1, 2, 0, 
1, 1, 1, 2, 0, 1, 1, 1, 
1, 1, 1, 1, 2, 1, 0, 1, 
0, 1, 1, 2, 1, 0, 0, 3, 
1, 0, 0, 2, 2, 1, 2, 0, 
0, 1, 1, 2, 2, 0, 2, 0, 
1, 0, 0, 2, 0, 1, 1, 3, 
1, 1, 1, 1, 3, 1, 0, 0, 
1, 1, 1, 2, 2, 1, 0, 0, 
1, 1, 1, 1, 0, 1, 2, 1, 
1, 1, 1, 2, 0, 1, 1, 1, 
0, 1, 1, 1, 3, 1, 1, 0, 
1, 0, 1, 0, 0, 1, 4, 1, 
1, 1, 0, 2, 0, 1, 1, 2, 
1, 1, 1, 2, 1, 0, 0, 2, 
1, 1, 1, 2, 1, 1, 0, 1, 
1, 1, 1, 0, 1, 1, 0, 3, 
1, 1, 1, 1, 0, 1, 2, 1, 
1, 1, 1, 0, 1, 1, 1, 2, 
initial score: 590059
570074, 560090, 510089, 500107, 500102, 490106, 490102, 480097, 450102, 430120, 390128, 380137, 370142, 340137, 320159, 320154, 310156, 310154, 290159, 240170, 210181, 210174, 200180, 180197, 180177, 160191, 160188, 160182, 160175, 100186, 90199, 90198, 60198, 60178, 
60175, 60168, 30155, 30151, 30140, 153, 150, 147, 139, 136, 125, 
123, 122, 121, 120, 118, 
115, 107, 104, 102, 100, 98, 
90, 88, 85, 81, 
73, 71, 


SEATING BY ROUND, BY TABLE

   5,   31,    3,   10, ;   27,    9,   14,   29, ;    6,   23,    2,   17, ;    4,    8,    0,   28, ;   26,   21,   15,   19, ;    7,    1,   18,   22, ;   20,   24,   16,   12, ;   13,   11,   25,   30, ; 
   8,   29,   22,   19, ;   25,   31,    4,   18, ;    1,   26,   28,   23, ;   17,   10,   12,    7, ;    3,    6,   13,   24, ;   16,   11,    5,   14, ;    0,   30,   27,   21, ;    9,    2,   20,   15, ; 
   1,    4,   15,   27, ;    8,    3,    7,   30, ;   11,   20,   17,   31, ;   23,   14,   19,   24, ;    0,   10,   13,   22, ;   25,   28,   21,    2, ;   29,   16,    6,   26, ;   12,    5,    9,   18, ; 
  19,   30,   12,    2, ;   21,   13,   17,    8, ;   15,    7,   16,   25, ;    4,   22,   11,   26, ;    9,   23,   31,    0, ;   20,   27,   10,    6, ;   28,   18,    3,   14, ;    5,   24,   29,    1, ; 
  18,   27,   23,   13, ;   24,   15,   10,   28, ;   19,    0,    5,   20, ;    6,    1,   30,    9, ;   16,    4,   21,    3, ;   31,   12,   26,    8, ;    2,    7,   29,   11, ;   22,   25,   14,   17, ; 
  24,   21,    9,    7, ;   11,   28,   19,    6, ;    3,   22,   27,   12, ;   31,   13,    1,   16, ;   26,   18,   30,   20, ;   17,   15,    0,   29, ;   23,    8,   25,    5, ;   10,   14,    2,    4, ; 
  12,    0,    6,   25, ;    2,    5,   26,   13, ;   10,   29,   18,   21, ;   28,    9,   22,   16, ;   14,   20,    8,    1, ;   15,    3,   11,   23, ;   30,   17,   24,    4, ;    7,   19,   31,   27, ; 
  14,   26,    7,    0, ;   21,   12,    1,   11, ;   18,    6,    8,   15, ;   29,   25,   20,    3, ;   27,   17,   28,    5, ;   22,    2,   24,   31, ;   13,   19,    4,    9, ;   30,   16,   23,   10, ; 


TABLE COUNT BY PLAYER

2, 0, 1, 1, 2, 1, 1, 0, 
1, 1, 1, 2, 1, 1, 0, 1, 
1, 1, 1, 0, 0, 2, 1, 2, 
1, 1, 1, 1, 2, 1, 1, 0, 
1, 1, 0, 2, 1, 0, 2, 1, 
1, 1, 1, 0, 1, 1, 1, 2, 
1, 1, 2, 1, 1, 1, 1, 0, 
2, 1, 1, 1, 0, 1, 1, 1, 
1, 2, 1, 1, 1, 1, 1, 0, 
1, 1, 0, 2, 1, 0, 1, 2, 
1, 1, 1, 1, 1, 1, 0, 2, 
0, 2, 1, 1, 0, 2, 1, 1, 
2, 1, 1, 1, 0, 1, 1, 1, 
1, 2, 0, 1, 2, 0, 1, 1, 
1, 1, 0, 1, 1, 1, 1, 2, 
1, 1, 2, 0, 1, 2, 0, 1, 
0, 0, 1, 2, 1, 1, 2, 1, 
0, 1, 2, 1, 1, 1, 1, 1, 
1, 1, 2, 0, 1, 1, 1, 1, 
2, 1, 1, 1, 1, 0, 1, 1, 
0, 0, 2, 1, 2, 1, 1, 1, 
1, 2, 1, 0, 2, 1, 1, 0, 
1, 0, 1, 2, 1, 2, 0, 1, 
1, 0, 2, 1, 1, 1, 1, 1, 
1, 1, 0, 1, 1, 1, 2, 1, 
1, 1, 1, 1, 0, 1, 1, 2, 
1, 1, 1, 1, 2, 1, 1, 0, 
2, 1, 1, 0, 1, 1, 1, 1, 
0, 2, 1, 2, 1, 1, 1, 0, 
1, 1, 1, 1, 0, 1, 2, 1, 
1, 1, 0, 1, 1, 0, 2, 2, 
1, 1, 1, 1, 1, 2, 0, 1, 


FINAL SCORE:    71

