

 initial tables

8, 0, 0, 0, 0, 0, 0, 0, 
0, 8, 0, 0, 0, 0, 0, 0, 
0, 0, 0, 0, 0, 8, 0, 0, 
0, 0, 8, 0, 0, 0, 0, 0, 
1, 1, 1, 0, 0, 1, 4, 0, 
1, 1, 1, 2, 0, 1, 2, 0, 
1, 1, 1, 0, 2, 1, 0, 2, 
1, 1, 1, 0, 2, 1, 0, 2, 
1, 1, 1, 1, 1, 0, 1, 2, 
1, 1, 0, 1, 1, 1, 2, 1, 
1, 0, 1, 0, 4, 1, 0, 1, 
0, 1, 1, 1, 1, 1, 2, 1, 
1, 1, 1, 0, 2, 1, 1, 1, 
1, 1, 1, 2, 0, 1, 2, 0, 
1, 1, 1, 2, 0, 1, 1, 1, 
1, 1, 1, 1, 2, 1, 0, 1, 
0, 1, 1, 2, 1, 0, 0, 3, 
1, 0, 0, 2, 2, 1, 2, 0, 
0, 1, 1, 2, 2, 0, 2, 0, 
1, 0, 0, 2, 0, 1, 1, 3, 
1, 1, 1, 1, 3, 1, 0, 0, 
1, 1, 1, 2, 2, 1, 0, 0, 
1, 1, 1, 1, 0, 1, 2, 1, 
1, 1, 1, 2, 0, 1, 1, 1, 
0, 1, 1, 1, 3, 1, 1, 0, 
1, 0, 1, 0, 0, 1, 4, 1, 
1, 1, 0, 2, 0, 1, 1, 2, 
1, 1, 1, 2, 1, 0, 0, 2, 
1, 1, 1, 2, 1, 1, 0, 1, 
1, 1, 1, 0, 1, 1, 0, 3, 
1, 1, 1, 1, 0, 1, 2, 1, 
1, 1, 1, 0, 1, 1, 1, 2, 
initial score: 590059
570074, 560090, 510089, 500107, 500102, 490106, 490102, 480097, 450102, 430120, 390128, 380137, 370142, 340137, 320159, 320154, 310156, 310154, 290159, 240170, 210181, 210174, 200180, 180197, 180177, 160191, 160188, 160182, 160175, 100186, 90199, 90198, 60198, 60178, 
60175, 60168, 30155, 30151, 30140, 153, 150, 147, 139, 136, 125, 
123, 122, 121, 120, 118, 
115, 107, 104, 102, 100, 98, 
90, 88, 85, 81, 
73, 71, 


SEATING BY ROUND, BY TABLE

 1,  1,    6,   32,    4,   11, 
 1,  2,   28,   10,   15,   30, 
 1,  3,    7,   24,    3,   18, 
 1,  4,    5,    9,    1,   29, 
 1,  5,   27,   22,   16,   20, 
 1,  6,    8,    2,   19,   23, 
 1,  7,   21,   25,   17,   13, 
 1,  8,   14,   12,   26,   31, 
 2,  1,    9,   30,   23,   20, 
 2,  2,   26,   32,    5,   19, 
 2,  3,    2,   27,   29,   24, 
 2,  4,   18,   11,   13,    8, 
 2,  5,    4,    7,   14,   25, 
 2,  6,   17,   12,    6,   15, 
 2,  7,    1,   31,   28,   22, 
 2,  8,   10,    3,   21,   16, 
 3,  1,    2,    5,   16,   28, 
 3,  2,    9,    4,    8,   31, 
 3,  3,   12,   21,   18,   32, 
 3,  4,   24,   15,   20,   25, 
 3,  5,    1,   11,   14,   23, 
 3,  6,   26,   29,   22,    3, 
 3,  7,   30,   17,    7,   27, 
 3,  8,   13,    6,   10,   19, 
 4,  1,   20,   31,   13,    3, 
 4,  2,   22,   14,   18,    9, 
 4,  3,   16,    8,   17,   26, 
 4,  4,    5,   23,   12,   27, 
 4,  5,   10,   24,   32,    1, 
 4,  6,   21,   28,   11,    7, 
 4,  7,   29,   19,    4,   15, 
 4,  8,    6,   25,   30,    2, 
 5,  1,   19,   28,   24,   14, 
 5,  2,   25,   16,   11,   29, 
 5,  3,   20,    1,    6,   21, 
 5,  4,    7,    2,   31,   10, 
 5,  5,   17,    5,   22,    4, 
 5,  6,   32,   13,   27,    9, 
 5,  7,    3,    8,   30,   12, 
 5,  8,   23,   26,   15,   18, 
 6,  1,   25,   22,   10,    8, 
 6,  2,   12,   29,   20,    7, 
 6,  3,    4,   23,   28,   13, 
 6,  4,   32,   14,    2,   17, 
 6,  5,   27,   19,   31,   21, 
 6,  6,   18,   16,    1,   30, 
 6,  7,   24,    9,   26,    6, 
 6,  8,   11,   15,    3,    5, 
 7,  1,   13,    1,    7,   26, 
 7,  2,    3,    6,   27,   14, 
 7,  3,   11,   30,   19,   22, 
 7,  4,   29,   10,   23,   17, 
 7,  5,   15,   21,    9,    2, 
 7,  6,   16,    4,   12,   24, 
 7,  7,   31,   18,   25,    5, 
 7,  8,    8,   20,   32,   28, 
 8,  1,   15,   27,    8,    1, 
 8,  2,   22,   13,    2,   12, 
 8,  3,   19,    7,    9,   16, 
 8,  4,   30,   26,   21,    4, 
 8,  5,   28,   18,   29,    6, 
 8,  6,   23,    3,   25,   32, 
 8,  7,   14,   20,    5,   10, 
 8,  8,   31,   17,   24,   11, 


TABLE COUNT BY PLAYER

2, 0, 1, 1, 2, 1, 1, 0, 
1, 1, 1, 2, 1, 1, 0, 1, 
1, 1, 1, 0, 0, 2, 1, 2, 
1, 1, 1, 1, 2, 1, 1, 0, 
1, 1, 0, 2, 1, 0, 2, 1, 
1, 1, 1, 0, 1, 1, 1, 2, 
1, 1, 2, 1, 1, 1, 1, 0, 
2, 1, 1, 1, 0, 1, 1, 1, 
1, 2, 1, 1, 1, 1, 1, 0, 
1, 1, 0, 2, 1, 0, 1, 2, 
1, 1, 1, 1, 1, 1, 0, 2, 
0, 2, 1, 1, 0, 2, 1, 1, 
2, 1, 1, 1, 0, 1, 1, 1, 
1, 2, 0, 1, 2, 0, 1, 1, 
1, 1, 0, 1, 1, 1, 1, 2, 
1, 1, 2, 0, 1, 2, 0, 1, 
0, 0, 1, 2, 1, 1, 2, 1, 
0, 1, 2, 1, 1, 1, 1, 1, 
1, 1, 2, 0, 1, 1, 1, 1, 
2, 1, 1, 1, 1, 0, 1, 1, 
0, 0, 2, 1, 2, 1, 1, 1, 
1, 2, 1, 0, 2, 1, 1, 0, 
1, 0, 1, 2, 1, 2, 0, 1, 
1, 0, 2, 1, 1, 1, 1, 1, 
1, 1, 0, 1, 1, 1, 2, 1, 
1, 1, 1, 1, 0, 1, 1, 2, 
1, 1, 1, 1, 2, 1, 1, 0, 
2, 1, 1, 0, 1, 1, 1, 1, 
0, 2, 1, 2, 1, 1, 1, 0, 
1, 1, 1, 1, 0, 1, 2, 1, 
1, 1, 0, 1, 1, 0, 2, 2, 
1, 1, 1, 1, 1, 2, 0, 1, 


FINAL SCORE:    71

